# Chunk-averaged data for fix temp_bias and group all
# Timestep Number-of-chunks Total-count
# Chunk Coord1 Ncount temp
10 100 442002
  1 0.005 3683.5 303.687
  2 0.015 3519.2 299.304
  3 0.025 6415.2 299.787
  4 0.035 5051.8 305.075
  5 0.045 6724 297.976
  6 0.055 5043 300.576
  7 0.065 6723.1 299.571
  8 0.075 5043.9 295.879
  9 0.085 6721.8 302.89
  10 0.095 5045.2 297.061
  11 0.105 6416.2 301.46
  12 0.115 4488.8 302.947
  13 0.125 3625 298.784
  14 0.135 3675 296.121
  15 0.145 3675 298.186
  16 0.155 3766.9 291.942
  17 0.165 6632.1 300.538
  18 0.175 5043 294.788
  19 0.185 6724 299.883
  20 0.195 5043 302.289
  21 0.205 6724 301.225
  22 0.215 5043 295.455
  23 0.225 6724 300.289
  24 0.235 5043 302.631
  25 0.245 6721.1 300.68
  26 0.255 3677.9 298.663
  27 0.265 3675 302.289
  28 0.275 3675 303.185
  29 0.285 3636 298.085
  30 0.295 4985.8 305.219
  31 0.305 5909.2 304.496
  32 0.315 5673.4 297.746
  33 0.325 6093.6 300.709
  34 0.335 5460.2 301.123
  35 0.345 6306.8 300.747
  36 0.355 5276.4 297.267
  37 0.365 6490.6 300.628
  38 0.375 5252.5 301.756
  39 0.385 6402.4 295.572
  40 0.395 3423.8 302.359
  41 0.405 5266.3 300.125
  42 0.415 6311.2 5100.52
  43 0.425 209.8 7753
  44 0.435 0 0
  45 0.445 0 0
  46 0.455 0 0
  47 0.465 0 0
  48 0.475 0 0
  49 0.485 0 0
  50 0.495 0 0
  51 0.505 0 0
  52 0.515 0 0
  53 0.525 0 0
  54 0.535 0 0
  55 0.545 0 0
  56 0.555 0 0
  57 0.565 0 0
  58 0.575 216.8 3497.3
  59 0.585 6190.5 2619.29
  60 0.595 5318.5 299.178
  61 0.605 3427.6 302.005
  62 0.615 6364.4 295.141
  63 0.625 5287.2 298.049
  64 0.635 6442 304.003
  65 0.645 5325 293.284
  66 0.655 6390.8 298.778
  67 0.665 5376.2 299.297
  68 0.675 6104.9 296.423
  69 0.685 5662.1 301.8
  70 0.695 5895.8 306.552
  71 0.705 5004.5 302.654
  72 0.715 3629.7 301.669
  73 0.725 3675 301.405
  74 0.735 3673 295.315
  75 0.745 3678 297.065
  76 0.755 6723 296.456
  77 0.765 5043 302.7
  78 0.775 6724 296.76
  79 0.785 5043 304.383
  80 0.795 6724 299.825
  81 0.805 5043 302.584
  82 0.815 6724 297.582
  83 0.825 5043 299.038
  84 0.835 6617.7 305.816
  85 0.845 3781.3 299.826
  86 0.855 3675 301.764
  87 0.865 3675 295.445
  88 0.875 3632 299.154
  89 0.885 4450.6 300.479
  90 0.895 6447.4 302.431
  91 0.905 5044 296.87
  92 0.915 6723 305.736
  93 0.925 5044 306.543
  94 0.935 6723 306.195
  95 0.945 5045 300.654
  96 0.955 6722 301.121
  97 0.965 5061 298.665
  98 0.975 6400.5 297.939
  99 0.985 3494.3 296.895
  100 0.995 3696.5 299.818
20 100 442002
  1 0.005 3683.5 307.094
  2 0.015 3519.7 299.146
  3 0.025 6417.1 300.064
  4 0.035 5050.9 305.368
  5 0.045 6724 297.709
  6 0.055 5043 300.401
  7 0.065 6722.5 299.886
  8 0.075 5044.5 296.612
  9 0.085 6719.6 302.615
  10 0.095 5047.4 296.241
  11 0.105 6390.5 302.395
  12 0.115 4514 303.024
  13 0.125 3625.5 299.901
  14 0.135 3675 297.403
  15 0.145 3675 298.524
  16 0.155 3739.3 293.229
  17 0.165 6659.7 300.049
  18 0.175 5043 293.814
  19 0.185 6724 299.969
  20 0.195 5043 301.987
  21 0.205 6724 301.199
  22 0.215 5043 295.693
  23 0.225 6724 300.716
  24 0.235 5043 301.848
  25 0.245 6720.6 300.856
  26 0.255 3678.4 298.333
  27 0.265 3675 302.61
  28 0.275 3675 302.66
  29 0.285 3633.8 298.063
  30 0.295 4874.8 305.801
  31 0.305 6022.4 304.171
  32 0.315 5405.3 298.874
  33 0.325 6361.7 300.886
  34 0.335 5255.1 299.854
  35 0.345 6511.9 300.729
  36 0.355 5145.5 297.954
  37 0.365 6621.5 299.898
  38 0.375 5147.2 301.334
  39 0.385 6503.1 295.698
  40 0.395 3404.7 300.62
  41 0.405 5234.9 2173.31
  42 0.415 6359.5 7786.16
  43 0.425 216.6 4536.79
  44 0.435 0 0
  45 0.445 0 0
  46 0.455 0 0
  47 0.465 0 0
  48 0.475 0 0
  49 0.485 0 0
  50 0.495 0 0
  51 0.505 0 0
  52 0.515 0 0
  53 0.525 0 0
  54 0.535 0 0
  55 0.545 0 0
  56 0.555 0 0
  57 0.565 0 0
  58 0.575 226.1 20596.7
  59 0.585 6242.6 5352
  60 0.595 5295.5 610.183
  61 0.605 3390.9 303.519
  62 0.615 6488 294.829
  63 0.625 5161.9 299.472
  64 0.635 6595.3 303.676
  65 0.645 5171.7 292.84
  66 0.655 6577.1 297.719
  67 0.665 5189.9 299.844
  68 0.675 6371.8 297.089
  69 0.685 5395.2 300.545
  70 0.695 5997.8 306.612
  71 0.705 4903.2 302.756
  72 0.715 3629 301.479
  73 0.725 3675 301.705
  74 0.735 3673 295.603
  75 0.745 3679.9 296.111
  76 0.755 6721.1 296.148
  77 0.765 5043 302.163
  78 0.775 6724 297.187
  79 0.785 5043 304.424
  80 0.795 6724 299.399
  81 0.805 5043 302.129
  82 0.815 6724 297.836
  83 0.825 5043 299.369
  84 0.835 6648.6 306.038
  85 0.845 3750.4 300.099
  86 0.855 3675 302.051
  87 0.865 3675 295.56
  88 0.875 3632 299.451
  89 0.885 4475.2 301.239
  90 0.895 6422.8 302.264
  91 0.905 5044.7 296.822
  92 0.915 6722.3 305.656
  93 0.925 5044.4 307.364
  94 0.935 6722.6 305.892
  95 0.945 5045 300.041
  96 0.955 6722 300.659
  97 0.965 5061.8 298.375
  98 0.975 6400 298.124
  99 0.985 3496.3 297.157
  100 0.995 3692.7 300.551
30 100 442002
  1 0.005 3683.2 302.445
  2 0.015 3519.8 298.988
  3 0.025 6416 300.344
  4 0.035 5052 305.378
  5 0.045 6724 297.623
  6 0.055 5043 300.441
  7 0.065 6722 300.279
  8 0.075 5045 297.462
  9 0.085 6717.4 302.288
  10 0.095 5049.6 295.526
  11 0.105 6362 303.084
  12 0.115 4541 303.119
  13 0.125 3627 300.953
  14 0.135 3675 298.786
  15 0.145 3675 298.887
  16 0.155 3720 294.689
  17 0.165 6679 299.577
  18 0.175 5043 292.995
  19 0.185 6724 299.995
  20 0.195 5043 301.662
  21 0.205 6724 301.286
  22 0.215 5043 296.116
  23 0.225 6724 301.147
  24 0.235 5043 300.97
  25 0.245 6715.6 301.034
  26 0.255 3683.4 297.931
  27 0.265 3675 302.752
  28 0.275 3675 302.155
  29 0.285 3631.1 298.267
  30 0.295 4782.8 306.791
  31 0.305 6117.1 303.525
  32 0.315 5208.6 298.761
  33 0.325 6558.4 301.955
  34 0.335 5127.3 298.741
  35 0.345 6639.7 300.706
  36 0.355 5073.2 298.555
  37 0.365 6693.8 299.177
  38 0.375 5086.9 300.546
  39 0.385 6558.2 296.171
  40 0.395 3372.9 300.555
  41 0.405 5219.2 6349.09
  42 0.415 6403.9 83742.4
  43 0.425 224.9 1.95064e+06
  44 0.435 0 0
  45 0.445 0 0
  46 0.455 0 0
  47 0.465 0 0
  48 0.475 0 0
  49 0.485 0 0
  50 0.495 0 0
  51 0.505 0 0
  52 0.515 0 0
  53 0.525 0 0
  54 0.535 0 0
  55 0.545 0 0
  56 0.555 0 0
  57 0.565 0 0
  58 0.575 237 7.97714e+06
  59 0.585 6294 61733.8
  60 0.595 5261.7 3460.36
  61 0.605 3367 304.948
  62 0.615 6558.8 295.812
  63 0.625 5086.5 299.486
  64 0.635 6674 303.643
  65 0.645 5093 291.93
  66 0.655 6669.7 297.462
  67 0.665 5097.3 299.833
  68 0.675 6565.7 297.268
  69 0.685 5201.3 299.563
  70 0.695 6100.4 306.518
  71 0.705 4800.6 302.871
  72 0.715 3629 301.377
  73 0.725 3675 302.039
  74 0.735 3673 296.009
  75 0.745 3683.3 295.158
  76 0.755 6717.7 295.961
  77 0.765 5043 301.663
  78 0.775 6724 297.646
  79 0.785 5043 304.381
  80 0.795 6724 298.978
  81 0.805 5043 301.713
  82 0.815 6724 298.214
  83 0.825 5043 299.688
  84 0.835 6673.3 306.166
  85 0.845 3725.7 300.213
  86 0.855 3675 302.299
  87 0.865 3675 295.89
  88 0.875 3632 299.837
  89 0.885 4505.3 301.91
  90 0.895 6392.7 301.963
  91 0.905 5045.8 296.822
  92 0.915 6721.2 305.532
  93 0.925 5047 308.018
  94 0.935 6720 305.43
  95 0.945 5045 299.516
  96 0.955 6722 300.187
  97 0.965 5061.7 298.099
  98 0.975 6401.3 298.389
  99 0.985 3494.5 297.374
  100 0.995 3693.5 303.05
40 100 442002
  1 0.005 3683.9 1.56864e+09
  2 0.015 3518.2 298.679
  3 0.025 6414.7 300.519
  4 0.035 5053.8 5.7178e+08
  5 0.045 6724 297.737
  6 0.055 5043 300.69
  7 0.065 6721.4 2.54856e+08
  8 0.075 5045.7 298.361
  9 0.085 6716 302.02
  10 0.095 5051 294.851
  11 0.105 6336.5 303.593
  12 0.115 4566.5 303.112
  13 0.125 3627 301.759
  14 0.135 3675 300.221
  15 0.145 3675 299.269
  16 0.155 3706.9 295.743
  17 0.165 6692.1 299.392
  18 0.175 5043 292.385
  19 0.185 6724 299.974
  20 0.195 5043 301.316
  21 0.205 6724 301.467
  22 0.215 5043 296.696
  23 0.225 6724 301.558
  24 0.235 5043 300.051
  25 0.245 6710.3 301.03
  26 0.255 3688.7 297.795
  27 0.265 3675 302.722
  28 0.275 3675 301.672
  29 0.285 3629.1 4.71917e+08
  30 0.295 4689.3 6.16207e+08
  31 0.305 6212.8 303.354
  32 0.315 5106.7 298.35
  33 0.325 6660.3 303.025
  34 0.335 5066.9 71536.9
  35 0.345 6700.3 54192.7
  36 0.355 5050.2 143299
  37 0.365 6717.1 54056.5
  38 0.375 5060.9 71648.7
  39 0.385 6579.3 55180
  40 0.395 3335.9 218122
  41 0.405 5211.3 2.20928e+08
  42 0.415 6442.8 78398
  43 0.425 232.1 5.17089e+06
  44 0.435 1 5.82286e+07
  45 0.445 0.4 0
  46 0.455 0.2 0
  47 0.465 0.2 0
  48 0.475 0.2 0
  49 0.485 0 0
  50 0.495 0 0
  51 0.505 0.1 0
  52 0.515 0 0
  53 0.525 0 0
  54 0.535 0 0
  55 0.545 0 0
  56 0.555 0.5 0
  57 0.565 0.5 0
  58 0.575 242 162388
  59 0.585 6337.6 298342
  60 0.595 5242.7 328608
  61 0.605 3342.3 2324.15
  62 0.615 6584.3 297.226
  63 0.625 5055.2 3.38859e+08
  64 0.635 6710.8 303.376
  65 0.645 5056.2 291.237
  66 0.655 6710.4 297.243
  67 0.665 5056.7 5.71442e+08
  68 0.675 6662.2 296.736
  69 0.685 5104.8 299.336
  70 0.695 6203.4 306.563
  71 0.705 4697.6 302.688
  72 0.715 3629 301.369
  73 0.725 3675 302.403
  74 0.735 3673 296.479
  75 0.745 3687.3 294.371
  76 0.755 6713.7 295.838
  77 0.765 5043 301.21
  78 0.775 6724 298.102
  79 0.785 5043 304.266
  80 0.795 6724 298.598
  81 0.805 5043 301.371
  82 0.815 6724 298.685
  83 0.825 5043 299.977
  84 0.835 6688.1 306.228
  85 0.845 3711 4.61519e+08
  86 0.855 3675 302.505
  87 0.865 3675 296.423
  88 0.875 3632 300.297
  89 0.885 4538.8 301.931
  90 0.895 6359.2 301.897
  91 0.905 5048.4 296.867
  92 0.915 6718.6 305.375
  93 0.925 5049.1 308.262
  94 0.935 6717.9 304.99
  95 0.945 5045.2 299.109
  96 0.955 6721.8 299.734
  97 0.965 5061 297.95
  98 0.975 6402.5 298.56
  99 0.985 3495.3 297.733
  100 0.995 3692.9 302.926
50 100 442000
  1 0.005 3683.4 301.535
  2 0.015 3518.2 298.525
  3 0.025 6412.9 300.752
  4 0.035 5055.9 304.915
  5 0.045 6724 298.053
  6 0.055 5043 301.127
  7 0.065 6720.9 301.233
  8 0.075 5046.1 299.276
  9 0.085 6713.4 301.792
  10 0.095 5053.6 294.31
  11 0.105 6308 304.079
  12 0.115 4594.9 302.648
  13 0.125 3627.1 302.339
  14 0.135 3675 301.663
  15 0.145 3675 299.666
  16 0.155 3694.3 296.772
  17 0.165 6704.7 299.254
  18 0.175 5043 292.03
  19 0.185 6724 299.923
  20 0.195 5043 300.952
  21 0.205 6724 301.722
  22 0.215 5043 297.396
  23 0.225 6724 301.928
  24 0.235 5043 299.15
  25 0.245 6698 301.09
  26 0.255 3701.1 97552.6
  27 0.265 3675.1 98237
  28 0.275 3675.1 98235.3
  29 0.285 3628.6 99488.3
  30 0.295 4599.5 156822
  31 0.305 6303.3 57410.3
  32 0.315 5062.1 71406.1
  33 0.325 6705.2 107737
  34 0.335 5052.1 299.152
  35 0.345 6714.9 300.471
  36 0.355 5044.7 298.809
  37 0.365 6722.3 298.23
  38 0.375 5045.4 299.314
  39 0.385 6587.3 296.826
  40 0.395 3309.9 136246
  41 0.405 5198.4 104611
  42 0.415 6480.2 26952.6
  43 0.425 238.6 1.77793e+06
  44 0.435 0.5 0
  45 0.445 0.8 0
  46 0.455 0.4 0
  47 0.465 0.4 0
  48 0.475 0.1 0
  49 0.485 0.2 0
  50 0.495 0.2 0
  51 0.505 0.2 0
  52 0.515 0.2 0
  53 0.525 0.2 0
  54 0.535 0.5 4.81596e+08
  55 0.545 0.7 0
  56 0.555 0.2 0
  57 0.565 0.4 0
  58 0.575 252.8 2.86756e+06
  59 0.585 6374.1 40625.5
  60 0.595 5224.1 34512.2
  61 0.605 3318.4 204100
  62 0.615 6584.2 100501
  63 0.625 5049.2 130963
  64 0.635 6720.5 147560
  65 0.645 5046.9 65816.6
  66 0.655 6720.8 297.111
  67 0.665 5046.2 300.882
  68 0.675 6708.6 296.383
  69 0.685 5058.4 298.868
  70 0.695 6278.3 306.307
  71 0.705 4623.8 302.837
  72 0.715 3627.9 301.449
  73 0.725 3675 302.782
  74 0.735 3673 296.959
  75 0.745 3696.5 293.523
  76 0.755 6704.5 295.925
  77 0.765 5043 300.808
  78 0.775 6724 298.514
  79 0.785 5043 304.094
  80 0.795 6724 298.292
  81 0.805 5043 301.124
  82 0.815 6724 299.208
  83 0.825 5043 300.232
  84 0.835 6697.1 306.07
  85 0.845 3701.9 300.174
  86 0.855 3675 302.668
  87 0.865 3675 297.132
  88 0.875 3632 300.809
  89 0.885 4573.8 302.167
  90 0.895 6324.2 301.445
  91 0.905 5054 296.982
  92 0.915 6713 305.166
  93 0.925 5050.2 308.164
  94 0.935 6716.8 304.537
  95 0.945 5046.8 298.929
  96 0.955 6720.2 299.266
  97 0.965 5060.7 297.812
  98 0.975 6403 298.767
  99 0.985 3494.1 298.043
  100 0.995 3693.8 301.332
60 100 442000
  1 0.005 3680.6 300.574
  2 0.015 3519 298.416
  3 0.025 6409 300.85
  4 0.035 5059 304.485
  5 0.045 6723.5 298.569
  6 0.055 5043.5 301.697
  7 0.065 6719 301.723
  8 0.075 5048 300.15
  9 0.085 6710 301.634
  10 0.095 5057 293.912
  11 0.105 6279.4 304.79
  12 0.115 4622.6 301.392
  13 0.125 3628 302.645
  14 0.135 3675 303.063
  15 0.145 3675 300.074
  16 0.155 3688 297.825
  17 0.165 6711 299.08
  18 0.175 5043 291.96
  19 0.185 6724 299.866
  20 0.195 5043.2 143036
  21 0.205 6724.1 53829.7
  22 0.215 5043.1 71667.2
  23 0.225 6724.2 107356
  24 0.235 5043.1 71667
  25 0.245 6677.1 54205.5
  26 0.255 3722.1 96998.7
  27 0.265 3675 302.186
  28 0.275 3675 300.718
  29 0.285 3625.5 299.805
  30 0.295 4523.1 306.987
  31 0.305 6382.4 303.517
  32 0.315 5051.9 298.238
  33 0.325 6715.1 304.138
  34 0.335 5045 298.593
  35 0.345 6722 300.95
  36 0.355 5043 298.975
  37 0.365 6724 297.666
  38 0.375 5043.4 85807.3
  39 0.385 6582.1 82596.5
  40 0.395 3283.2 39643.1
  41 0.405 5181.5 1828.21
  42 0.415 6517.2 13412.5
  43 0.425 250.9 222643
  44 0.435 1.7 8.79271e+07
  45 0.445 0.1 0
  46 0.455 0.7 0
  47 0.465 0.2 0
  48 0.475 0.4 0
  49 0.485 0.6 0
  50 0.495 0.4 0
  51 0.505 0.2 0
  52 0.515 0.5 0
  53 0.525 0.7 3.43997e+08
  54 0.535 0.4 1.37653e+09
  55 0.545 0.2 0
  56 0.555 0.6 0
  57 0.565 2.8 2.12183e+08
  58 0.575 260.2 1.99398e+06
  59 0.585 6418 44849.3
  60 0.595 5205.1 27693.8
  61 0.605 3291.4 2994.26
  62 0.615 6579 1517.66
  63 0.625 5045.5 300.356
  64 0.635 6722.9 302.213
  65 0.645 5044.2 67832.8
  66 0.655 6724.2 103297
  67 0.665 5043.2 137631
  68 0.675 6718.9 103378
  69 0.685 5048.5 137485
  70 0.695 6351.9 55618.9
  71 0.705 4551.2 302.7
  72 0.715 3627 301.671
  73 0.725 3675 303.157
  74 0.735 3673 297.395
  75 0.745 3714.6 292.912
  76 0.755 6686.4 296.079
  77 0.765 5043 300.458
  78 0.775 6724 298.843
  79 0.785 5043 303.883
  80 0.795 6724 298.086
  81 0.805 5043 300.989
  82 0.815 6724 299.742
  83 0.825 5043 300.455
  84 0.835 6708.4 305.837
  85 0.845 3690.6 300.134
  86 0.855 3675 302.792
  87 0.865 3675 297.974
  88 0.875 3632 301.343
  89 0.885 4605 302.051
  90 0.895 6293 301.031
  91 0.905 5059.6 297.194
  92 0.915 6707.4 304.869
  93 0.925 5051.2 307.817
  94 0.935 6715.8 304.038
  95 0.945 5047.8 298.824
  96 0.955 6719.2 298.931
  97 0.965 5063.5 297.906
  98 0.975 6401.2 298.9
  99 0.985 3491.7 298.157
  100 0.995 3698 304.673
70 100 441999
  1 0.005 3679 299.543
  2 0.015 3519 298.259
  3 0.025 6406.7 301.151
  4 0.035 5061.3 303.722
  5 0.045 6722.8 299.245
  6 0.055 5044.2 302.368
  7 0.065 6718.2 302.212
  8 0.075 5048.8 300.899
  9 0.085 6700.5 301.548
  10 0.095 5066.5 293.69
  11 0.105 6251.1 305.214
  12 0.115 4650.9 300.043
  13 0.125 3628 302.714
  14 0.135 3675 304.381
  15 0.145 3675 300.485
  16 0.155 3682.4 298.627
  17 0.165 6716.6 298.993
  18 0.175 5043 292.19
  19 0.185 6724 299.824
  20 0.195 5043 300.174
  21 0.205 6724 302.348
  22 0.215 5043 299.015
  23 0.225 6724 302.457
  24 0.235 5043 297.617
  25 0.245 6650.2 301.148
  26 0.255 3748.8 296.894
  27 0.265 3675 301.718
  28 0.275 3675 300.208
  29 0.285 3624.3 300.655
  30 0.295 4455.8 307.211
  31 0.305 6450.9 303.118
  32 0.315 5045.7 298.367
  33 0.325 6721.3 303.98
  34 0.335 5043.3 298.138
  35 0.345 6723.7 301.575
  36 0.355 5043.4 84715.8
  37 0.365 6724.5 79584.5
  38 0.375 5043.1 21447.1
  39 0.385 6576.2 3853.86
  40 0.395 3256.2 699.348
  41 0.405 5155.5 1754.62
  42 0.415 6560.9 53628.5
  43 0.425 264 1.70549e+06
  44 0.435 3.5 1.7394e+08
  45 0.445 0.3 0
  46 0.455 0.2 0
  47 0.465 0.7 3.45343e+08
  48 0.475 0.5 0
  49 0.485 0 0
  50 0.495 0.4 0
  51 0.505 0.9 2.57383e+08
  52 0.515 0.6 0
  53 0.525 0.1 0
  54 0.535 0.5 0
  55 0.545 0.5 0
  56 0.555 0.1 0
  57 0.565 2.9 8.94651e+07
  58 0.575 269.9 66334.1
  59 0.585 6454.4 28483.2
  60 0.595 5191.9 77618.9
  61 0.605 3265 152218
  62 0.615 6574.1 52114.3
  63 0.625 5043.6 64602.6
  64 0.635 6724.1 24412.8
  65 0.645 5043 690.649
  66 0.655 6724 297.531
  67 0.665 5043 302.645
  68 0.675 6721 295.346
  69 0.685 5046 298.582
  70 0.695 6434.6 57703.6
  71 0.705 4468.7 167128
  72 0.715 3627.2 205804
  73 0.725 3675.2 203123
  74 0.735 3673.8 101746
  75 0.745 3740.9 199555
  76 0.755 6659.6 296.224
  77 0.765 5043 300.159
  78 0.775 6724 299.055
  79 0.785 5043 303.656
  80 0.795 6724 298
  81 0.805 5043 300.968
  82 0.815 6724 300.24
  83 0.825 5043 300.659
  84 0.835 6713.4 305.493
  85 0.845 3685.6 300.125
  86 0.855 3675 302.88
  87 0.865 3675 298.895
  88 0.875 3632.5 301.92
  89 0.885 4641.2 301.492
  90 0.895 6256.3 300.727
  91 0.905 5067.2 297.439
  92 0.915 6699.8 304.516
  93 0.925 5054.4 307.219
  94 0.935 6712.6 303.538
  95 0.945 5048.2 298.825
  96 0.955 6718.8 298.736
  97 0.965 5065.8 297.887
  98 0.975 6400.5 299.103
  99 0.985 3490.2 298.33
  100 0.995 3699.5 304.892
80 100 441999
  1 0.005 3679.2 299.615
  2 0.015 3518.5 298.188
  3 0.025 6404.3 301.431
  4 0.035 5063.7 302.905
  5 0.045 6722 300.02
  6 0.055 5045 303.106
  7 0.065 6716 302.702
  8 0.075 5051 301.445
  9 0.085 6691.5 301.467
  10 0.095 5075.5 293.741
  11 0.105 6222 305.206
  12 0.115 4680 298.878
  13 0.125 3628 302.536
  14 0.135 3675 305.581
  15 0.145 3675 300.885
  16 0.155 3679.5 299.08
  17 0.165 6719.5 299.037
  18 0.175 5043 292.718
  19 0.185 6724 299.817
  20 0.195 5043 299.759
  21 0.205 6724 302.67
  22 0.215 5043 299.866
  23 0.225 6724 302.578
  24 0.235 5043 297.077
  25 0.245 6610 301.197
  26 0.255 3789 296.668
  27 0.265 3675 301.127
  28 0.275 3675 299.649
  29 0.285 3622 301.417
  30 0.295 4388.8 307.312
  31 0.305 6520.2 302.761
  32 0.315 5043 298.432
  33 0.325 6724 303.592
  34 0.335 5043.4 84443.8
  35 0.345 6724.5 79200
  36 0.355 5043.3 90088.9
  37 0.365 6724.1 26116.5
  38 0.375 5043.2 69154
  39 0.385 6561.6 30223.2
  40 0.395 3241.9 107732
  41 0.405 5136.5 69417.5
  42 0.415 6591.2 106134
  43 0.425 279.1 172312
  44 0.435 4.8 8.41245e+06
  45 0.445 1.4 7.74437e+07
  46 0.455 0 0
  47 0.465 0 0
  48 0.475 0.4 0
  49 0.485 1.2 7.19605e+08
  50 0.495 0.4 0
  51 0.505 0 0
  52 0.515 0.4 0
  53 0.525 0.9 5.6516e+08
  54 0.535 0.4 0
  55 0.545 0.4 5.2409e+08
  56 0.555 1.8 2.49044e+08
  57 0.565 2.5 9.58054e+07
  58 0.575 278.4 1.2682e+06
  59 0.585 6500.2 108524
  60 0.595 5167.1 92748.1
  61 0.605 3240.4 380426
  62 0.615 6566.2 114218
  63 0.625 5043.4 162119
  64 0.635 6724.6 172237
  65 0.645 5043.4 158243
  66 0.655 6724.3 94843.2
  67 0.665 5043.2 64321.3
  68 0.675 6723.7 48313.3
  69 0.685 5044.3 64403.1
  70 0.695 6507.5 1032.14
  71 0.705 4394.9 300.931
  72 0.715 3627 302.335
  73 0.725 3675 303.79
  74 0.735 3674 297.988
  75 0.745 3776.1 292.865
  76 0.755 6624.1 112929
  77 0.765 5043.2 148271
  78 0.775 6724.2 111281
  79 0.785 5043.2 148275
  80 0.795 6724.2 111268
  81 0.805 5043 301.058
  82 0.815 6724 300.659
  83 0.825 5043 300.863
  84 0.835 6716 304.984
  85 0.845 3683 300.284
  86 0.855 3675 302.937
  87 0.865 3675 299.834
  88 0.875 3633 302.437
  89 0.885 4672.8 300.491
  90 0.895 6224.2 300.632
  91 0.905 5075 297.801
  92 0.915 6692 304.02
  93 0.925 5056.7 306.406
  94 0.935 6710.3 303.068
  95 0.945 5049.9 298.948
  96 0.955 6717.1 298.682
  97 0.965 5067.8 297.963
  98 0.975 6400.8 299.231
  99 0.985 3488.3 298.341
  100 0.995 3699.4 303.807
90 100 441999
  1 0.005 3680.7 298.397
  2 0.015 3517.5 298.269
  3 0.025 6403.8 301.762
  4 0.035 5064.4 301.929
  5 0.045 6722 300.878
  6 0.055 5045 303.803
  7 0.065 6712.7 303.066
  8 0.075 5054.3 301.894
  9 0.085 6672.4 301.448
  10 0.095 5094.6 293.995
  11 0.105 6186.6 304.581
  12 0.115 4715.4 298.259
  13 0.125 3628 302.145
  14 0.135 3675 306.635
  15 0.145 3675 301.255
  16 0.155 3679 299.09
  17 0.165 6720 299.256
  18 0.175 5043 293.52
  19 0.185 6724 299.859
  20 0.195 5043 299.329
  21 0.205 6724 302.967
  22 0.215 5043 300.705
  23 0.225 6724 302.587
  24 0.235 5043 296.73
  25 0.245 6557.8 301.217
  26 0.255 3841.2 296.541
  27 0.265 3675 300.429
  28 0.275 3675 299.034
  29 0.285 3621.2 302.401
  30 0.295 4329.8 80426.4
  31 0.305 6580.3 26675.8
  32 0.315 5043.6 152838
  33 0.325 6724.7 130547
  34 0.335 5043.2 55701.2
  35 0.345 6724.2 51936.9
  36 0.355 5043 306.526
  37 0.365 6724 296.715
  38 0.375 5044.2 1996.78
  39 0.385 6547.8 2603.78
  40 0.395 3231 666.204
  41 0.405 5105.1 2663.38
  42 0.415 6629.9 124749
  43 0.425 294 1.04232e+06
  44 0.435 5 1.01735e+07
  45 0.445 1.8 1.20468e+08
  46 0.455 0.3 6.2794e+08
  47 0.465 0.6 0
  48 0.475 0.4 0
  49 0.485 0.2 0
  50 0.495 1.1 1.62119e+08
  51 0.505 1.1 3.24238e+08
  52 0.515 0.2 0
  53 0.525 0.1 0
  54 0.535 0.2 0
  55 0.545 0.7 0
  56 0.555 2.5 1.63115e+08
  57 0.565 1.7 1.76659e+08
  58 0.575 289.3 546878
  59 0.585 6528.4 103082
  60 0.595 5151.2 128660
  61 0.605 3234 4689.01
  62 0.615 6548.2 3085.52
  63 0.625 5043 301.515
  64 0.635 6724 300.783
  65 0.645 5043.2 69692.8
  66 0.655 6724.3 78139.3
  67 0.665 5043.4 165137
  68 0.675 6724.5 224639
  69 0.685 5044.2 96504.8
  70 0.695 6567.7 123865
  71 0.705 4335.1 186464
  72 0.715 3627.2 89242.1
  73 0.725 3675.2 88081.9
  74 0.735 3674.2 88088.5
  75 0.745 3816.3 293.006
  76 0.755 6583.7 297.165
  77 0.765 5043 299.698
  78 0.775 6724 299.028
  79 0.785 5043 303.249
  80 0.795 6724 385.693
  81 0.805 5043.1 73933.7
  82 0.815 6724.2 110021
  83 0.825 5043.2 146589
  84 0.835 6719.8 110096
  85 0.845 3679.6 200767
  86 0.855 3675.1 100663
  87 0.865 3675 300.726
  88 0.875 3633.6 302.758
  89 0.885 4703.6 299.677
  90 0.895 6192.8 300.408
  91 0.905 5086.8 298.036
  92 0.915 6680.2 303.538
  93 0.925 5058.8 305.494
  94 0.935 6708.2 302.603
  95 0.945 5050.9 299.178
  96 0.955 6716.1 298.781
  97 0.965 5070.3 298.035
  98 0.975 6400.4 299.393
  99 0.985 3485.4 298.268
  100 0.995 3699.5 302.572
100 100 441999
  1 0.005 3680.6 296.374
  2 0.015 3518 298.465
  3 0.025 6403 302.124
  4 0.035 5065 300.897
  5 0.045 6721 301.755
  6 0.055 5046 304.409
  7 0.065 6709.9 303.459
  8 0.075 5057.1 302.003
  9 0.085 6650.4 301.507
  10 0.095 5116.6 294.396
  11 0.105 6152 303.6
  12 0.115 4750 297.931
  13 0.125 3628 301.593
  14 0.135 3675 307.513
  15 0.145 3675 301.566
  16 0.155 3677 298.757
  17 0.165 6722 299.597
  18 0.175 5043 294.559
  19 0.185 6724 299.955
  20 0.195 5043 298.886
  21 0.205 6724 303.22
  22 0.215 5043 301.511
  23 0.225 6724 302.479
  24 0.235 5043.2 68954.9
  25 0.245 6483.1 53736.5
  26 0.255 3916.2 44522.3
  27 0.265 3675.2 94549.8
  28 0.275 3675.1 47424.3
  29 0.285 3619.2 96009.7
  30 0.295 4285.9 101666
  31 0.305 6627 82216.2
  32 0.315 5043.1 21456
  33 0.325 6724 302.459
  34 0.335 5043 299.329
  35 0.345 6724 304.011
  36 0.355 5043 306.032
  37 0.365 6724 296.658
  38 0.375 5045 3898.67
  39 0.385 6531.1 1402.11
  40 0.395 3217.6 801.981
  41 0.405 5087.7 172625
  42 0.415 6660.6 175411
  43 0.425 308.6 2.50465e+06
  44 0.435 4.9 1.73208e+08
  45 0.445 3.6 4.90477e+08
  46 0.455 1.8 5.78891e+08
  47 0.465 0.1 0
  48 0.475 0.4 0
  49 0.485 0.5 0
  50 0.495 0.1 0
  51 0.505 0.4 0
  52 0.515 0.6 0
  53 0.525 0 0
  54 0.535 0.1 0
  55 0.545 1 0
  56 0.555 1.9 85239.2
  57 0.565 2.1 9.71675e+07
  58 0.575 307.4 4.00281e+06
  59 0.585 6552.6 110362
  60 0.595 5135.8 86308.3
  61 0.605 3222.5 3800.64
  62 0.615 6531 2471.16
  63 0.625 5044.6 1922.03
  64 0.635 6724 299.882
  65 0.645 5043.3 166778
  66 0.655 6724.2 83567.3
  67 0.665 5043.3 166407
  68 0.675 6723.2 83359.8
  69 0.685 5044 461.717
  70 0.695 6618 235434
  71 0.705 4284.1 300.499
  72 0.715 3627.3 561527
  73 0.725 3675.2 132107
  74 0.735 3674.3 554395
  75 0.745 3870.3 209178
  76 0.755 6530.5 335654
  77 0.765 5043.3 372312
  78 0.775 6724.2 48560
  79 0.785 5043.3 372323
  80 0.795 6724.1 24526.5
  81 0.805 5043.1 308075
  82 0.815 6724 301.124
  83 0.825 5043.1 307987
  84 0.835 6722.2 303.661
  85 0.845 3676.9 422266
  86 0.855 3675.1 100664
  87 0.865 3675.2 201012
  88 0.875 3635.1 101766
  89 0.885 4729.3 156296
  90 0.895 6166.1 119955
  91 0.905 5103.5 144953
  92 0.915 6663.7 302.678
  93 0.925 5062.4 304.574
  94 0.935 6704.6 302.134
  95 0.945 5052.1 299.514
  96 0.955 6714.9 299.02
  97 0.965 5072.2 298.206
  98 0.975 6398.3 299.403
  99 0.985 3486.6 298.249
  100 0.995 3698.3 304.329
