# Chunk-averaged data for fix temp_bias and group all
# Timestep Number-of-chunks Total-count
# Chunk Coord1 Ncount temp
10 100 435844
  1 0.005 5043 299.027
  2 0.015 6724 296.331
  3 0.025 5043 300.886
  4 0.035 5043.3 299.039
  5 0.045 6313.6 297.326
  6 0.055 3387.4 297.303
  7 0.065 3493.5 304.37
  8 0.075 3266.7 298.768
  9 0.085 3642.9 295.772
  10 0.095 5169.2 302.029
  11 0.105 5324.4 303.955
  12 0.115 5043 301.742
  13 0.125 6713.7 301.581
  14 0.135 5053.3 296.513
  15 0.145 5043 303.419
  16 0.155 6698.8 303.927
  17 0.165 5068.2 296.672
  18 0.175 5043 299.861
  19 0.185 6290 300.212
  20 0.195 3978.3 293.129
  21 0.205 3703.9 300.07
  22 0.215 3364.5 306.467
  23 0.225 3412.7 299.281
  24 0.235 4044.5 297.976
  25 0.245 5804.1 303.784
  26 0.255 5043 295.722
  27 0.265 6082.5 297.477
  28 0.275 5684.5 298.234
  29 0.285 5043 297.945
  30 0.295 6196.2 295.706
  31 0.305 5570.8 301.598
  32 0.315 5043 302.102
  33 0.325 6053.3 297.56
  34 0.335 4774 304.265
  35 0.345 3532.4 300.545
  36 0.355 3446.5 298.287
  37 0.365 3507.2 298.69
  38 0.375 3443.9 300.953
  39 0.385 5595.7 300.593
  40 0.395 5319 299.783
  41 0.405 5674.4 298.273
  42 0.415 5380.6 304.693
  43 0.425 6610.3 303.268
  44 0.435 4195.8 321.165
  45 0.445 70.9 397.912
  46 0.455 0 0
  47 0.465 0 0
  48 0.475 0 0
  49 0.485 0 0
  50 0.495 0 0
  51 0.505 0 0
  52 0.515 0 0
  53 0.525 0 0
  54 0.535 0 0
  55 0.545 0 0
  56 0.555 22.8 259.223
  57 0.565 3817.5 731.479
  58 0.575 6694 300.553
  59 0.585 5634.2 296.055
  60 0.595 5377 301.011
  61 0.605 5559.3 299.231
  62 0.615 5509.3 298.672
  63 0.625 3562.9 297.723
  64 0.635 3496.1 292.711
  65 0.645 3406.4 304.221
  66 0.655 3570.6 298.227
  67 0.665 4711.9 301.893
  68 0.675 6128 300.782
  69 0.685 5043 305.037
  70 0.695 5369.6 306.43
  71 0.705 6397.4 295.985
  72 0.715 5043 298.293
  73 0.725 5288 302.265
  74 0.735 6479 304.65
  75 0.745 5043 304.859
  76 0.755 5703.1 298.538
  77 0.765 4081.5 296.312
  78 0.775 3365.5 307.506
  79 0.785 3459.2 299.105
  80 0.795 3678.1 295.449
  81 0.805 3938 294.587
  82 0.815 6372.6 302.67
  83 0.825 5043 296.981
  84 0.835 5045.6 293.008
  85 0.845 6721.4 304.451
  86 0.855 5043 295.885
  87 0.865 5046.8 296.245
  88 0.875 6720.2 299.147
  89 0.885 5043 301.702
  90 0.895 5208.4 299.27
  91 0.905 5200.3 299.453
  92 0.915 3618.6 293.684
  93 0.925 3279.8 295.02
  94 0.935 3522.7 306.947
  95 0.945 3420 298.546
  96 0.955 6346.2 298.617
  97 0.965 5045 301.842
  98 0.975 5043 295.812
  99 0.985 6724 294.772
  100 0.995 5043 302.56
20 100 435844
  1 0.005 5043 298.147
  2 0.015 6724 296.588
  3 0.025 5043 301.439
  4 0.035 5043 299.287
  5 0.045 6306.2 297.239
  6 0.055 3383.5 296.484
  7 0.065 3471.2 303.988
  8 0.075 3282.1 300.241
  9 0.085 3625.9 294.809
  10 0.095 5167.6 302.451
  11 0.105 5361.5 303.804
  12 0.115 5043 301.605
  13 0.125 6706.5 301.581
  14 0.135 5060.5 297.351
  15 0.145 5043 303.392
  16 0.155 6679.7 303.768
  17 0.165 5087.3 296.509
  18 0.175 5043 299.929
  19 0.185 6238.7 300.641
  20 0.195 4003 293.502
  21 0.205 3690.7 299.616
  22 0.215 3321.1 305.74
  23 0.225 3441.7 300.553
  24 0.235 4032.6 297.053
  25 0.245 5870.2 303.495
  26 0.255 5043 295.383
  27 0.265 5832.2 297.31
  28 0.275 5934.8 298.56
  29 0.285 5043 297.277
  30 0.295 5941.5 295.99
  31 0.305 5825.5 301.05
  32 0.315 5043 302.187
  33 0.325 5956.7 298.535
  34 0.335 4828.9 303.771
  35 0.345 3523.4 301.009
  36 0.355 3428.5 296.399
  37 0.365 3524.2 298.806
  38 0.375 3468.1 300.467
  39 0.385 5588.9 301.247
  40 0.395 5326.8 300.067
  41 0.405 5639.3 298.402
  42 0.415 5425.2 305.194
  43 0.425 6557.2 305.632
  44 0.435 4263 329.391
  45 0.445 73.8 370.643
  46 0.455 0 0
  47 0.465 0 0
  48 0.475 0 0
  49 0.485 0 0
  50 0.495 0 0
  51 0.505 0 0
  52 0.515 0 0
  53 0.525 0 0
  54 0.535 0 0
  55 0.545 0 0
  56 0.555 24.9 303.34
  57 0.565 3876.6 877.45
  58 0.575 6670.8 302.696
  59 0.585 5635.6 296.746
  60 0.595 5376 300.704
  61 0.605 5570.4 298.937
  62 0.615 5482.5 299.513
  63 0.625 3581.1 298.477
  64 0.635 3530.4 293.457
  65 0.645 3404.1 304.435
  66 0.655 3529.7 298.495
  67 0.665 4781.7 299.558
  68 0.675 6026.2 301.111
  69 0.685 5043 304.571
  70 0.695 5579.2 306.845
  71 0.705 6187.8 295.838
  72 0.715 5043 299.281
  73 0.725 5457.2 303.558
  74 0.735 6309.8 304.45
  75 0.745 5043 304.852
  76 0.755 5781.6 297.913
  77 0.765 4063.3 296.296
  78 0.775 3382.2 307.73
  79 0.785 3409.8 298.649
  80 0.795 3681.9 295.156
  81 0.805 3959.4 293.969
  82 0.815 6319.8 302.375
  83 0.825 5043 297.539
  84 0.835 5050.5 293.042
  85 0.845 6716.5 303.843
  86 0.855 5043 295.319
  87 0.865 5048.4 296.931
  88 0.875 6718.6 298.377
  89 0.885 5043 302.443
  90 0.895 5238.6 299.282
  91 0.905 5193.1 298.249
  92 0.915 3623.2 293.645
  93 0.925 3281.3 294.638
  94 0.935 3504.6 306.809
  95 0.945 3412.8 298.485
  96 0.955 6343.2 298.697
  97 0.965 5044.2 301.821
  98 0.975 5043 295.536
  99 0.985 6724 294.073
  100 0.995 5043 303.204
30 100 435844
  1 0.005 5043 297.425
  2 0.015 6724 296.9
  3 0.025 5043 301.916
  4 0.035 5043 299.67
  5 0.045 6299.9 297.1
  6 0.055 3371.7 296.18
  7 0.065 3460.5 304.993
  8 0.075 3284.8 299.93
  9 0.085 3632.4 294.402
  10 0.095 5144 301.807
  11 0.105 5404.7 304.231
  12 0.115 5043 301.178
  13 0.125 6694.6 301.655
  14 0.135 5072.4 298.194
  15 0.145 5043 303.271
  16 0.155 6646.9 302.753
  17 0.165 5120.1 297.252
  18 0.175 5043 299.958
  19 0.185 6187 300.577
  20 0.195 4024.6 294.188
  21 0.205 3653.2 299.332
  22 0.215 3293 303.537
  23 0.225 3479.6 302.424
  24 0.235 4021.8 296.386
  25 0.245 5938.8 303.513
  26 0.255 5043 295.189
  27 0.265 5591.3 297.218
  28 0.275 6175.7 298.821
  29 0.285 5043 296.686
  30 0.295 5657.8 296.982
  31 0.305 6109.2 299.865
  32 0.315 5043 302.355
  33 0.325 5853.2 298.918
  34 0.335 4887.4 303.247
  35 0.345 3507.9 301.892
  36 0.355 3416 295.097
  37 0.365 3553.3 299.364
  38 0.375 3481.5 299.682
  39 0.385 5580.3 301.844
  40 0.395 5343.6 300.141
  41 0.405 5577.9 297.987
  42 0.415 5487.5 306.184
  43 0.425 6510.9 306.486
  44 0.435 4328.1 325.117
  45 0.445 76.4 335.019
  46 0.455 0 0
  47 0.465 0 0
  48 0.475 0 0
  49 0.485 0 0
  50 0.495 0 0
  51 0.505 0 0
  52 0.515 0 0
  53 0.525 0 0
  54 0.535 0 0
  55 0.545 0 0
  56 0.555 25.6 283.976
  57 0.565 3938.7 1142.8
  58 0.575 6649.1 309.55
  59 0.585 5629.2 297.367
  60 0.595 5386.7 300.394
  61 0.605 5577.6 298.955
  62 0.615 5449.8 299.912
  63 0.625 3592.3 298.919
  64 0.635 3568.1 294.17
  65 0.645 3401.4 306.496
  66 0.655 3507.6 297.755
  67 0.665 4854.9 296.785
  68 0.675 5909 302.181
  69 0.685 5043 304.072
  70 0.695 5835.9 306.476
  71 0.705 5931.1 296.331
  72 0.715 5043 300.294
  73 0.725 5707.1 303.756
  74 0.735 6059.9 304.989
  75 0.745 5043 304.726
  76 0.755 5836.6 297.287
  77 0.765 4051.9 296.497
  78 0.775 3423.9 306.35
  79 0.785 3364.4 299.192
  80 0.795 3668.9 294.924
  81 0.805 3979.7 293.375
  82 0.815 6272.6 302.493
  83 0.825 5043 298.082
  84 0.835 5057.5 293.221
  85 0.845 6709.5 303.196
  86 0.855 5043 295.002
  87 0.865 5050.8 297.66
  88 0.875 6716.2 297.581
  89 0.885 5043 303.182
  90 0.895 5269.9 298.976
  91 0.905 5192.3 297.634
  92 0.915 3634.6 293.861
  93 0.925 3266.2 293.955
  94 0.935 3491.9 306.4
  95 0.945 3405.1 298.907
  96 0.955 6338 298.572
  97 0.965 5043 301.742
  98 0.975 5043 295.329
  99 0.985 6724 293.435
  100 0.995 5043 303.802
40 100 435844
  1 0.005 5043 296.904
  2 0.015 6724 297.245
  3 0.025 5043 302.281
  4 0.035 5043 300.164
  5 0.045 6294.4 296.753
  6 0.055 3357.3 296.123
  7 0.065 3447.4 305.686
  8 0.075 3286.1 300.31
  9 0.085 3636.1 294.261
  10 0.095 5131.7 301.749
  11 0.105 5445 303.869
  12 0.115 5043 300.481
  13 0.125 6677.2 301.729
  14 0.135 5089.8 299.07
  15 0.145 5043 303.066
  16 0.155 6604.6 302.051
  17 0.165 5162.4 297.429
  18 0.175 5043 299.957
  19 0.185 6142.8 300.602
  20 0.195 4032.1 293.769
  21 0.205 3634.7 299.318
  22 0.215 3259.4 302.359
  23 0.225 3504.1 305.136
  24 0.235 4018.6 295.357
  25 0.245 6006.3 303.078
  26 0.255 5043 295.152
  27 0.265 5394.5 297.723
  28 0.275 6372.5 298.604
  29 0.285 5043 296.197
  30 0.295 5423.9 297.633
  31 0.305 6343.1 299.115
  32 0.315 5043 302.597
  33 0.325 5713.3 298.887
  34 0.335 4966.3 303.615
  35 0.345 3497.7 301.724
  36 0.355 3427 294.23
  37 0.365 3569.3 300.869
  38 0.375 3497.1 298.606
  39 0.385 5567 302.515
  40 0.395 5358.1 299.842
  41 0.405 5528.8 298.16
  42 0.415 5538.1 305.815
  43 0.425 6469.4 304.939
  44 0.435 4392.2 375.116
  45 0.445 79.7 348.237
  46 0.455 0 0
  47 0.465 0 0
  48 0.475 0 0
  49 0.485 0 0
  50 0.495 0 0
  51 0.505 0 0
  52 0.515 0 0
  53 0.525 0 0
  54 0.535 0 0
  55 0.545 0 0
  56 0.555 26 274.141
  57 0.565 3998.3 2555.12
  58 0.575 6633.9 315.807
  59 0.585 5613.3 297.755
  60 0.595 5404.2 299.943
  61 0.605 5596.6 298.842
  62 0.615 5396.2 300.652
  63 0.625 3606.2 299.41
  64 0.635 3605.3 294.328
  65 0.645 3402.3 308.487
  66 0.655 3504.3 297.953
  67 0.665 4911.1 294.586
  68 0.675 5792.3 302.938
  69 0.685 5043 303.587
  70 0.695 6103.5 306.423
  71 0.705 5663.5 296.509
  72 0.715 5043 301.285
  73 0.725 5988.2 303.334
  74 0.735 5778.8 305.95
  75 0.745 5043 304.511
  76 0.755 5896.8 296.654
  77 0.765 4055.5 296.421
  78 0.775 3449.1 306.889
  79 0.785 3332.4 298.451
  80 0.795 3643.8 294.743
  81 0.805 3992 292.962
  82 0.815 6228.4 302.75
  83 0.825 5043 298.581
  84 0.835 5069.8 293.362
  85 0.845 6697.2 302.703
  86 0.855 5043 294.931
  87 0.865 5058 298.363
  88 0.875 6709 296.84
  89 0.885 5043 303.886
  90 0.895 5299.8 298.822
  91 0.905 5183.4 296.964
  92 0.915 3649 293.537
  93 0.925 3259.1 294.37
  94 0.935 3474.8 306.566
  95 0.945 3401.3 298.442
  96 0.955 6330.6 298.409
  97 0.965 5043 301.786
  98 0.975 5043 295.219
  99 0.985 6724 292.907
  100 0.995 5043 304.32
50 100 435844
  1 0.005 5043 296.608
  2 0.015 6724 297.598
  3 0.025 5043 302.5
  4 0.035 5043 300.74
  5 0.045 6283.4 296.328
  6 0.055 3349.3 295.495
  7 0.065 3432.2 307.278
  8 0.075 3289.4 300.772
  9 0.085 3645 294.465
  10 0.095 5110 301.312
  11 0.105 5488.7 303.641
  12 0.115 5043 299.546
  13 0.125 6653.6 301.729
  14 0.135 5113.4 299.999
  15 0.145 5043 302.788
  16 0.155 6542.5 301.19
  17 0.165 5224.5 297.71
  18 0.175 5043 299.938
  19 0.185 6094.2 300.369
  20 0.195 4040.5 294.043
  21 0.205 3600.6 298.796
  22 0.215 3255.3 301.766
  23 0.225 3529.9 306.603
  24 0.235 4012.5 295.319
  25 0.245 6065 302.421
  26 0.255 5043 295.275
  27 0.265 5247.8 298.587
  28 0.275 6519.2 298.162
  29 0.285 5043 295.825
  30 0.295 5240.7 297.878
  31 0.305 6526.3 298.744
  32 0.315 5043 302.896
  33 0.325 5570.3 298.731
  34 0.335 5048.3 303.551
  35 0.345 3484.4 301.814
  36 0.355 3442 294.851
  37 0.365 3586 300.963
  38 0.375 3520.3 297.685
  39 0.385 5541.4 303.694
  40 0.395 5376.7 299.328
  41 0.405 5480.8 297.907
  42 0.415 5587.6 305.863
  43 0.425 6418.6 302.007
  44 0.435 4465.6 365.097
  45 0.445 82 397.602
  46 0.455 0 0
  47 0.465 0 0
  48 0.475 0 0
  49 0.485 0 0
  50 0.495 0 0
  51 0.505 0 0
  52 0.515 0 0
  53 0.525 0 0
  54 0.535 0 0
  55 0.545 0 0
  56 0.555 27.8 265.742
  57 0.565 4065.9 2683.42
  58 0.575 6607.1 324.457
  59 0.585 5595.1 298.211
  60 0.595 5426.7 300.08
  61 0.605 5623.3 299.134
  62 0.615 5343.2 301.027
  63 0.625 3611.1 299.164
  64 0.635 3620.1 296.511
  65 0.645 3451.3 308.857
  66 0.655 3479.1 297.742
  67 0.665 4963 293.215
  68 0.675 5676.3 303.545
  69 0.685 5043 303.161
  70 0.695 6331 306.122
  71 0.705 5436 297.055
  72 0.715 5043 302.209
  73 0.725 6237 303.142
  74 0.735 5530 306.436
  75 0.745 5043 304.238
  76 0.755 5967 296.116
  77 0.765 4035.9 296.878
  78 0.775 3484.5 306.776
  79 0.785 3301.9 298.179
  80 0.795 3625.2 295.02
  81 0.805 4012.7 292.071
  82 0.815 6170.8 303.262
  83 0.825 5043 299.005
  84 0.835 5089.4 293.286
  85 0.845 6677.6 302.553
  86 0.855 5043 295.091
  87 0.865 5076.7 299.032
  88 0.875 6690.3 296.195
  89 0.885 5043 304.522
  90 0.895 5333.7 298.571
  91 0.905 5178 296.348
  92 0.915 3651.1 294.434
  93 0.925 3260.1 294.43
  94 0.935 3450.9 306.415
  95 0.945 3400.2 298.39
  96 0.955 6324 298.102
  97 0.965 5043 301.872
  98 0.975 5043 295.23
  99 0.985 6724 292.531
  100 0.995 5043 304.733
60 100 435844
  1 0.005 5043 296.54
  2 0.015 6724 297.939
  3 0.025 5043 302.552
  4 0.035 5043 301.36
  5 0.045 6273.8 295.755
  6 0.055 3343 295.793
  7 0.065 3413.4 308.673
  8 0.075 3302.8 300.727
  9 0.085 3644 294.995
  10 0.095 5088.2 300.866
  11 0.105 5532.8 303.421
  12 0.115 5043 298.42
  13 0.125 6595.4 301.984
  14 0.135 5171.6 300.495
  15 0.145 5043 302.451
  16 0.155 6468.6 300.107
  17 0.165 5298.4 298.24
  18 0.175 5043 299.914
  19 0.185 6048.4 300.533
  20 0.195 4040.1 293.502
  21 0.205 3563.6 299.09
  22 0.215 3251.5 300.503
  23 0.225 3558.3 307.384
  24 0.235 4019.1 295.157
  25 0.245 6117 302.251
  26 0.255 5043 295.549
  27 0.265 5144.6 299.118
  28 0.275 6622.4 298.012
  29 0.285 5043 295.573
  30 0.295 5140.8 299.026
  31 0.305 6626.2 297.64
  32 0.315 5043 303.239
  33 0.325 5432.7 299.519
  34 0.335 5104.8 302.796
  35 0.345 3493.2 301.323
  36 0.355 3452.4 295.427
  37 0.365 3610.2 301.162
  38 0.375 3540.9 297.094
  39 0.385 5510.8 304.572
  40 0.395 5392.5 298.798
  41 0.405 5442.4 297.904
  42 0.415 5630.4 305.812
  43 0.425 6373.5 304.029
  44 0.435 4534.5 357.591
  45 0.445 85.7 378.9
  46 0.455 0 0
  47 0.465 0 0
  48 0.475 0 0
  49 0.485 0 0
  50 0.495 0 0
  51 0.505 0 0
  52 0.515 0 0
  53 0.525 0 0
  54 0.535 0 0
  55 0.545 0 0
  56 0.555 28 247.19
  57 0.565 4131 2743.33
  58 0.575 6593.6 327.397
  59 0.585 5573.8 298.633
  60 0.595 5440.1 301.035
  61 0.605 5648.4 299.059
  62 0.615 5292.5 301.465
  63 0.625 3618.7 298.479
  64 0.635 3626.5 297.867
  65 0.645 3500 311.778
  66 0.655 3468.3 295.512
  67 0.665 5004.6 292.938
  68 0.675 5564.5 303.914
  69 0.685 5043 302.83
  70 0.695 6504.6 306.596
  71 0.705 5262.4 296.728
  72 0.715 5043 303.029
  73 0.725 6426.9 303.446
  74 0.735 5340.1 306.052
  75 0.745 5043 303.942
  76 0.755 6031.4 295.865
  77 0.765 4024.6 296.617
  78 0.775 3524.7 306.532
  79 0.785 3276.3 298.947
  80 0.795 3595.8 295.316
  81 0.805 4021.2 292.015
  82 0.815 6124 303.493
  83 0.825 5043 299.324
  84 0.835 5126.1 293.405
  85 0.845 6640.9 302.48
  86 0.855 5043 295.459
  87 0.865 5089.9 299.608
  88 0.875 6677.1 295.722
  89 0.885 5043 305.056
  90 0.895 5382.4 298.88
  91 0.905 5163 295.855
  92 0.915 3642.6 295.433
  93 0.925 3268.6 294.75
  94 0.935 3428.7 305.82
  95 0.945 3394.8 298.288
  96 0.955 6317.9 297.796
  97 0.965 5043 302.012
  98 0.975 5043 295.376
  99 0.985 6724 292.343
  100 0.995 5043 305.021
70 100 435844
  1 0.005 5043 296.681
  2 0.015 6724 298.249
  3 0.025 5043 302.423
  4 0.035 5043 301.98
  5 0.045 6264.3 295.42
  6 0.055 3346.4 296.106
  7 0.065 3383.8 310.624
  8 0.075 3317.7 299.862
  9 0.085 3646.5 296.012
  10 0.095 5069.5 300.888
  11 0.105 5569.8 302.594
  12 0.115 5043 297.158
  13 0.125 6537.6 302.163
  14 0.135 5229.4 300.908
  15 0.145 5043 302.072
  16 0.155 6386.5 299.568
  17 0.165 5380.5 298.158
  18 0.175 5043 299.896
  19 0.185 6008 300.644
  20 0.195 4030.2 293.448
  21 0.205 3531 298.664
  22 0.215 3260.8 299.503
  23 0.225 3582.9 307.648
  24 0.235 4007.2 296.022
  25 0.245 6177.9 301.785
  26 0.255 5043 295.957
  27 0.265 5095.1 299.586
  28 0.275 6671.9 297.887
  29 0.285 5043 295.438
  30 0.295 5080.1 299.849
  31 0.305 6686.9 296.751
  32 0.315 5043 303.608
  33 0.325 5331.2 300.355
  34 0.335 5119 302.308
  35 0.345 3514.8 300.878
  36 0.355 3470.3 294.822
  37 0.365 3619.5 301.846
  38 0.375 3556.5 297.351
  39 0.385 5484.5 304.887
  40 0.395 5412.5 298.662
  41 0.405 5404.4 297.403
  42 0.415 5669.1 305.917
  43 0.425 6339 305.761
  44 0.435 4594.9 351.729
  45 0.445 88.3 367.996
  46 0.455 0 0
  47 0.465 0 0
  48 0.475 0 0
  49 0.485 0 0
  50 0.495 0 0
  51 0.505 0 0
  52 0.515 0 0
  53 0.525 0 0
  54 0.535 0 0
  55 0.545 0 0
  56 0.555 29.5 14808.4
  57 0.565 4188.4 2663.15
  58 0.575 6586.6 329.249
  59 0.585 5550.1 299.324
  60 0.595 5451 301.616
  61 0.605 5668.8 298.601
  62 0.615 5252.7 302.496
  63 0.625 3619.2 297.946
  64 0.635 3640.8 298.93
  65 0.645 3552.9 312.988
  66 0.655 3450.3 295.322
  67 0.665 5046.9 292.581
  68 0.675 5452.8 304.41
  69 0.685 5043 302.626
  70 0.695 6621.4 306.244
  71 0.705 5145.6 297.479
  72 0.715 5043 303.711
  73 0.725 6565.7 303.963
  74 0.735 5201.3 305.005
  75 0.745 5043 303.657
  76 0.755 6095 296.442
  77 0.765 4023.4 295.94
  78 0.775 3564.2 305.473
  79 0.785 3246.7 299.29
  80 0.795 3578.4 295.21
  81 0.805 4015.2 293.649
  82 0.815 6075.1 303.461
  83 0.825 5043 299.512
  84 0.835 5177.6 294.15
  85 0.845 6589.4 302.17
  86 0.855 5043 296.005
  87 0.865 5113.4 300.669
  88 0.875 6653.6 295.006
  89 0.885 5043 305.461
  90 0.895 5422.3 299.284
  91 0.905 5155.1 295.742
  92 0.915 3635.8 295.506
  93 0.925 3283.5 296.5
  94 0.935 3400.4 305.649
  95 0.945 3387.8 297.736
  96 0.955 6313.1 297.475
  97 0.965 5043 302.21
  98 0.975 5043 295.664
  99 0.985 6724 292.367
  100 0.995 5043 305.177
80 100 435844
  1 0.005 5043 296.998
  2 0.015 6724 298.514
  3 0.025 5043 302.116
  4 0.035 5043 302.556
  5 0.045 6249.7 295.265
  6 0.055 3352.2 296.351
  7 0.065 3359.8 311.534
  8 0.075 3326.6 300.434
  9 0.085 3653.6 296.954
  10 0.095 5050.2 300.665
  11 0.105 5605.9 301.944
  12 0.115 5043 295.823
  13 0.125 6465.1 301.954
  14 0.135 5301.9 301.572
  15 0.145 5043 301.668
  16 0.155 6267.9 298.954
  17 0.165 5499.1 298.279
  18 0.175 5043 299.89
  19 0.185 5958.3 301.015
  20 0.195 4037.1 292.887
  21 0.205 3476.8 297.797
  22 0.215 3287.6 298.647
  23 0.225 3605.3 308.293
  24 0.235 3989.3 297.054
  25 0.245 6243.6 301.338
  26 0.255 5043 296.474
  27 0.265 5065.7 300.176
  28 0.275 6701.3 297.621
  29 0.285 5043 295.409
  30 0.295 5056.1 300.391
  31 0.305 6710.9 295.998
  32 0.315 5043 303.986
  33 0.325 5239 301.549
  34 0.335 5113.9 301.25
  35 0.345 3534.7 300.25
  36 0.355 3496.8 295.898
  37 0.365 3636.5 302.17
  38 0.375 3569.4 297.449
  39 0.385 5442.5 304.87
  40 0.395 5443.6 298.613
  41 0.405 5378.7 297.005
  42 0.415 5705.1 305.681
  43 0.425 6291.6 303.527
  44 0.435 4662.2 349.143
  45 0.445 90 318.799
  46 0.455 0 0
  47 0.465 0 0
  48 0.475 0 0
  49 0.485 0 0
  50 0.495 0 0
  51 0.505 0 0
  52 0.515 0 0
  53 0.525 0 0
  54 0.535 0 0
  55 0.545 0 0
  56 0.555 31.1 1.72778e+06
  57 0.565 4253.6 172689
  58 0.575 6562.9 344.043
  59 0.585 5534.4 300.252
  60 0.595 5467.1 301.824
  61 0.605 5674 299.053
  62 0.615 5224.4 302.213
  63 0.625 3623.8 297.807
  64 0.635 3652.3 300.888
  65 0.645 3589.5 313.453
  66 0.655 3448.3 295.219
  67 0.665 5073.6 292.561
  68 0.675 5355 304.672
  69 0.685 5043 302.568
  70 0.695 6690.8 306.096
  71 0.705 5076.2 297.988
  72 0.715 5043 304.23
  73 0.725 6653.7 303.853
  74 0.735 5113.3 304.405
  75 0.745 5043 303.414
  76 0.755 6162.9 297.031
  77 0.765 4000.7 295.984
  78 0.775 3605.7 304.009
  79 0.785 3248.7 299.274
  80 0.795 3536.8 294.874
  81 0.805 4024 295.126
  82 0.815 6019.2 303.975
  83 0.825 5043 299.546
  84 0.835 5248.8 294.988
  85 0.845 6518.2 302.046
  86 0.855 5043 296.693
  87 0.865 5152.1 301.129
  88 0.875 6614.9 294.889
  89 0.885 5043 305.712
  90 0.895 5457.4 299.811
  91 0.905 5147.5 295.641
  92 0.915 3643.2 295.627
  93 0.925 3276.1 298.237
  94 0.935 3383.8 306.045
  95 0.945 3377.2 297.217
  96 0.955 6312.8 297.314
  97 0.965 5043 302.462
  98 0.975 5043 296.084
  99 0.985 6724 292.612
  100 0.995 5043 305.203
90 100 435843
  1 0.005 5043 297.444
  2 0.015 6724 298.725
  3 0.025 5043 301.643
  4 0.035 5043 303.044
  5 0.045 6241.5 295.049
  6 0.055 3346 296.334
  7 0.065 3341.4 311.855
  8 0.075 3337.2 300.746
  9 0.085 3654.5 299.062
  10 0.095 5028.9 301.112
  11 0.105 5648.5 300.9
  12 0.115 5043 294.479
  13 0.125 6391.6 301.725
  14 0.135 5375.4 301.997
  15 0.145 5043 301.258
  16 0.155 6124.3 298.521
  17 0.165 5642.7 298.347
  18 0.175 5043 299.899
  19 0.185 5911.5 301.011
  20 0.195 4038.2 292.556
  21 0.205 3421.4 296.884
  22 0.215 3328.3 299.519
  23 0.225 3628.3 307.919
  24 0.235 3948.5 297.178
  25 0.245 6321.8 301.49
  26 0.255 5043 297.069
  27 0.265 5050.5 300.429
  28 0.275 6716.5 297.549
  29 0.285 5043 295.469
  30 0.295 5048.9 300.608
  31 0.305 6718.1 295.424
  32 0.315 5043 304.358
  33 0.325 5150.9 301.692
  34 0.335 5112.5 301.427
  35 0.345 3540.9 299.648
  36 0.355 3542.2 296.682
  37 0.365 3648.2 302.437
  38 0.375 3580.6 298.272
  39 0.385 5382 304.598
  40 0.395 5497.9 298.791
  41 0.405 5357.9 296.869
  42 0.415 5720.2 305.023
  43 0.425 6254.3 303.127
  44 0.435 4724.7 348.305
  45 0.445 91.7 298.342
  46 0.455 0 0
  47 0.465 0 0
  48 0.475 0 0
  49 0.485 0 0
  50 0.495 0 0
  51 0.505 0.1 0
  52 0.515 0.2 0
  53 0.525 0.3 0
  54 0.535 0.8 1.86506e+08
  55 0.545 0.6 4.9735e+08
  56 0.555 31.8 3.27227e+07
  57 0.565 4321.1 105233
  58 0.575 6529.1 198325
  59 0.585 5526.8 13192.4
  60 0.595 5478 156493
  61 0.605 5683.2 150851
  62 0.615 5197.8 302.023
  63 0.625 3617.8 236771
  64 0.635 3666.4 233641
  65 0.645 3611.4 313.83
  66 0.655 3465.3 247173
  67 0.665 5094.1 168251
  68 0.675 5264.6 304.816
  69 0.685 5043 302.665
  70 0.695 6714.7 305.978
  71 0.705 5052.3 298.453
  72 0.715 5043 304.571
  73 0.725 6690.5 303.684
  74 0.735 5076.5 303.628
  75 0.745 5043 303.237
  76 0.755 6218.9 297.503
  77 0.765 4004.3 296.742
  78 0.775 3619.9 301.92
  79 0.785 3274.1 300.334
  80 0.795 3483.4 294.508
  81 0.805 4028 296.782
  82 0.815 5969.4 304.076
  83 0.825 5043 299.412
  84 0.835 5349.3 295.303
  85 0.845 6417.7 302.612
  86 0.855 5043 297.485
  87 0.865 5199.7 301.172
  88 0.875 6567.3 295.247
  89 0.885 5043 305.792
  90 0.895 5496.6 299.987
  91 0.905 5135.1 295.93
  92 0.915 3643 296.952
  93 0.925 3277.7 299.542
  94 0.935 3369.7 305.729
  95 0.945 3366.3 297.514
  96 0.955 6309.6 297.209
  97 0.965 5043 302.759
  98 0.975 5043 296.62
  99 0.985 6724 293.074
  100 0.995 5043 305.115
100 100 435842
  1 0.005 5043 297.967
  2 0.015 6724 298.876
  3 0.025 5043 301.031
  4 0.035 5043 303.41
  5 0.045 6230.9 294.877
  6 0.055 3345 296.605
  7 0.065 3320 312.807
  8 0.075 3353.9 300.686
  9 0.085 3650.8 300.68
  10 0.095 5006.5 301.328
  11 0.105 5690.9 300.202
  12 0.115 5043 293.192
  13 0.125 6304.7 301.683
  14 0.135 5462.3 301.913
  15 0.145 5043 300.86
  16 0.155 5966.8 297.803
  17 0.165 5800.2 298.901
  18 0.175 5043 299.919
  19 0.185 5866.7 301.118
  20 0.195 4041.9 292.238
  21 0.205 3380.1 296.212
  22 0.215 3363.8 298.43
  23 0.225 3635.5 308.948
  24 0.235 3926.7 297.305
  25 0.245 6383.3 301.782
  26 0.255 5043 297.71
  27 0.265 5043.2 300.608
  28 0.275 6723.8 297.462
  29 0.285 5043 295.6
  30 0.295 5044.2 300.575
  31 0.305 6722.8 294.982
  32 0.315 5043 304.707
  33 0.325 5102.1 302.038
  34 0.335 5087.2 301.196
  35 0.345 3546.9 300.125
  36 0.355 3573 296.996
  37 0.365 3661.3 303.488
  38 0.375 3588 298.023
  39 0.385 5325.6 304.141
  40 0.395 5550.6 298.915
  41 0.405 5329.9 296.823
  42 0.415 5734 304.311
  43 0.425 6232.9 306.25
  44 0.435 4776.5 348.121
  45 0.445 96 339.143
  46 0.455 0 0
  47 0.465 0.1 0
  48 0.475 0.2 0
  49 0.485 0.2 0
  50 0.495 0.2 0
  51 0.505 0.5 0
  52 0.515 0.5 0
  53 0.525 0.3 0
  54 0.535 0 0
  55 0.545 0 0
  56 0.555 32.4 133099
  57 0.565 4384 766.136
  58 0.575 6493.4 2672.53
  59 0.585 5521.1 77963.9
  60 0.595 5491.3 53042.1
  61 0.605 5683.1 300.196
  62 0.615 5180.7 301.555
  63 0.625 3619.1 296.834
  64 0.635 3670.6 303.754
  65 0.645 3633.7 314.042
  66 0.655 3489.9 295.021
  67 0.665 5093.3 293.347
  68 0.675 5193.4 305.253
  69 0.685 5043 302.916
  70 0.695 6722.9 305.863
  71 0.705 5044.1 298.837
  72 0.715 5043 304.729
  73 0.725 6709.4 303.337
  74 0.735 5057.6 302.911
  75 0.745 5043 303.142
  76 0.755 6278.5 298.01
  77 0.765 3983.5 297.524
  78 0.775 3633.7 300.351
  79 0.785 3313.5 299.895
  80 0.795 3432.6 296.212
  81 0.805 4040.8 297.846
  82 0.815 5915.4 303.966
  83 0.825 5043 299.103
  84 0.835 5467.9 296.754
  85 0.845 6299.1 302.438
  86 0.855 5043 298.337
  87 0.865 5254.3 301.876
  88 0.875 6512.7 295.234
  89 0.885 5043 305.695
  90 0.895 5551.5 300.47
  91 0.905 5104.2 296.232
  92 0.915 3643.3 297.335
  93 0.925 3284.9 302.534
  94 0.935 3350.5 304.607
  95 0.945 3365 298.43
  96 0.955 6298.6 297.077
  97 0.965 5043 303.086
  98 0.975 5043 297.242
  99 0.985 6724 293.731
  100 0.995 5043 304.938
