# Chunk-averaged data for fix velocity_z and group all
# Timestep Number-of-chunks Total-count
# Chunk Coord1 Ncount vz
10 100 435844
  1 0.005 5043 30.011
  2 0.015 6724 29.9854
  3 0.025 5043 29.943
  4 0.035 5043.1 29.9672
  5 0.045 6308.9 30.0139
  6 0.055 3383.3 29.9806
  7 0.065 3486.7 29.9919
  8 0.075 3272.7 30.0584
  9 0.085 3633.8 30.0099
  10 0.095 5172.6 30.0447
  11 0.105 5339.9 30.016
  12 0.115 5043 30.0306
  13 0.125 6711.2 30.0419
  14 0.135 5055.8 30.0102
  15 0.145 5043 30.0238
  16 0.155 6691.2 29.9999
  17 0.165 5075.8 30.0743
  18 0.175 5043 30.0083
  19 0.185 6271.5 29.9617
  20 0.195 3987.1 30.0223
  21 0.205 3701.1 29.9921
  22 0.215 3348.7 29.9599
  23 0.225 3423.9 29.9784
  24 0.235 4040.4 30.0325
  25 0.245 5825.3 29.9878
  26 0.255 5043 29.9479
  27 0.265 5999.9 30.006
  28 0.275 5767.1 29.9967
  29 0.285 5043 29.9821
  30 0.295 6122.5 30.0171
  31 0.305 5644.5 30.0564
  32 0.315 5043 30.0218
  33 0.325 6023.7 30.0496
  34 0.335 4793 29.9907
  35 0.345 3527.9 30.0493
  36 0.355 3443.8 29.9975
  37 0.365 3508.8 30.0052
  38 0.375 3453.6 29.9943
  39 0.385 5592.1 29.9672
  40 0.395 5320.8 30.0431
  41 0.405 5666.4 29.9879
  42 0.415 5392.4 29.953
  43 0.425 6594.9 29.9527
  44 0.435 4214.9 29.8457
  45 0.445 71.7 30.3775
  46 0.455 0 0
  47 0.465 0 0
  48 0.475 0 0
  49 0.485 0 0
  50 0.495 0 0
  51 0.505 0 0
  52 0.515 0 0
  53 0.525 0 0
  54 0.535 0 0
  55 0.545 0 0
  56 0.555 23.3 -31.383
  57 0.565 3834.5 -30.0566
  58 0.575 6688.3 -30.0471
  59 0.585 5634.7 -29.9986
  60 0.595 5374.5 -30.0043
  61 0.605 5563.3 -30.0119
  62 0.615 5502.4 -29.9697
  63 0.625 3568.6 -30.0335
  64 0.635 3506.2 -30.0313
  65 0.645 3405.1 -30.0373
  66 0.655 3557.5 -29.9753
  67 0.665 4735.7 -29.9499
  68 0.675 6095.9 -30.0023
  69 0.685 5043 -30.0053
  70 0.695 5430.7 -29.9619
  71 0.705 6336.3 -30.0221
  72 0.715 5043 -30.0251
  73 0.725 5340.2 -30.0325
  74 0.735 6426.8 -29.9632
  75 0.745 5043 -29.9872
  76 0.755 5728.5 -30.0464
  77 0.765 4075.8 -30.128
  78 0.775 3368.8 -29.9999
  79 0.785 3446 -30.0146
  80 0.795 3678.9 -29.9573
  81 0.805 3944.4 -30.0684
  82 0.815 6355.6 -30.0217
  83 0.825 5043 -29.9834
  84 0.835 5047.4 -29.9589
  85 0.845 6719.6 -30.0385
  86 0.855 5043 -30.0288
  87 0.865 5047.9 -30.0137
  88 0.875 6719.1 -30.0034
  89 0.885 5043 -29.9604
  90 0.895 5222.3 -29.9546
  91 0.905 5196.2 -30.0351
  92 0.915 3624.5 -29.9783
  93 0.925 3280.9 -30.024
  94 0.935 3511.4 -30.0098
  95 0.945 3417.5 -29.9428
  96 0.955 6343.3 -29.9862
  97 0.965 5044.9 -29.9766
  98 0.975 5043 -30.0414
  99 0.985 6724 -29.9744
  100 0.995 5043 -29.9757
20 100 435844
  1 0.005 5043 30.0018
  2 0.015 6724 29.9845
  3 0.025 5043 29.9448
  4 0.035 5043 29.9668
  5 0.045 6298.9 30.0137
  6 0.055 3373.8 29.9784
  7 0.065 3461.7 29.9962
  8 0.075 3283.1 30.0659
  9 0.085 3630.4 29.9954
  10 0.095 5153.5 30.0406
  11 0.105 5396.6 30.0214
  12 0.115 5043 30.0318
  13 0.125 6696.2 30.0419
  14 0.135 5070.8 30.0125
  15 0.145 5043 30.0229
  16 0.155 6649.7 30.0015
  17 0.165 5117.3 30.07
  18 0.175 5043 30.0074
  19 0.185 6193.9 29.9624
  20 0.195 4022.5 30.0228
  21 0.205 3662.9 29.9885
  22 0.215 3296.2 29.9578
  23 0.225 3467.7 29.9847
  24 0.235 4026.5 30.0346
  25 0.245 5928.3 29.9875
  26 0.255 5043 29.9445
  27 0.265 5634.6 30.02
  28 0.275 6132.4 29.9861
  29 0.285 5043 29.9811
  30 0.295 5711.9 30.0205
  31 0.305 6055.1 30.0495
  32 0.315 5043 30.0247
  33 0.325 5872.7 30.0538
  34 0.335 4876.1 29.9772
  35 0.345 3513.2 30.0551
  36 0.355 3416.8 29.9852
  37 0.365 3549.4 30.0178
  38 0.375 3478 29.9876
  39 0.385 5581.9 29.9771
  40 0.395 5340.5 30.0363
  41 0.405 5592.3 29.9905
  42 0.415 5472.9 29.9515
  43 0.425 6519.6 29.9778
  44 0.435 4314.6 29.8162
  45 0.445 76 30.6805
  46 0.455 0 0
  47 0.465 0 0
  48 0.475 0 0
  49 0.485 0 0
  50 0.495 0 0
  51 0.505 0 0
  52 0.515 0 0
  53 0.525 0 0
  54 0.535 0 0
  55 0.545 0 0
  56 0.555 25.5 -31.5623
  57 0.565 3926.8 -30.1042
  58 0.575 6652.2 -30.0093
  59 0.585 5631.2 -30.0053
  60 0.595 5384.2 -30.0038
  61 0.605 5574.7 -30.0147
  62 0.615 5457.6 -29.9657
  63 0.625 3591.5 -30.0341
  64 0.635 3560.9 -30.0237
  65 0.645 3401.8 -30.0497
  66 0.655 3509 -29.9781
  67 0.665 4842.2 -29.938
  68 0.675 5932.4 -30.0087
  69 0.685 5043 -30.0063
  70 0.695 5786.1 -29.964
  71 0.705 5980.9 -30.0223
  72 0.715 5043 -30.0247
  73 0.725 5659.2 -30.027
  74 0.735 6107.8 -29.9659
  75 0.745 5043 -29.9862
  76 0.755 5831.2 -30.0528
  77 0.765 4050.9 -30.1316
  78 0.775 3418.1 -29.988
  79 0.785 3367.2 -30.0127
  80 0.795 3674.8 -29.9614
  81 0.805 3975.4 -30.0739
  82 0.815 6280.4 -30.0163
  83 0.825 5043 -29.9837
  84 0.835 5057.6 -29.9572
  85 0.845 6709.4 -30.0396
  86 0.855 5043 -30.031
  87 0.865 5051.1 -30.0077
  88 0.875 6715.9 -30.0056
  89 0.885 5043 -29.9618
  90 0.895 5269.7 -29.9548
  91 0.905 5192.7 -30.0274
  92 0.915 3632.4 -29.9863
  93 0.925 3267.1 -30.0198
  94 0.935 3495.1 -30.0151
  95 0.945 3402.4 -29.9402
  96 0.955 6338 -29.9876
  97 0.965 5043.6 -29.9758
  98 0.975 5043 -30.0413
  99 0.985 6724 -29.972
  100 0.995 5043 -29.9683
30 100 435844
  1 0.005 5043 29.9928
  2 0.015 6724 29.9836
  3 0.025 5043 29.9466
  4 0.035 5043 29.9664
  5 0.045 6288.5 30.0134
  6 0.055 3360 29.9777
  7 0.065 3431.1 29.9952
  8 0.075 3295.9 30.0731
  9 0.085 3634.9 29.987
  10 0.095 5127.3 30.0329
  11 0.105 5460.3 30.0285
  12 0.115 5043 30.0331
  13 0.125 6666.7 30.0417
  14 0.135 5100.3 30.015
  15 0.145 5043 30.0221
  16 0.155 6582.9 30.0004
  17 0.165 5184.1 30.0686
  18 0.175 5043 30.0068
  19 0.185 6127.3 29.9633
  20 0.195 4032.6 30.0192
  21 0.205 3622.7 29.9891
  22 0.215 3258.5 29.9613
  23 0.225 3515.2 29.9882
  24 0.235 4013.1 30.0302
  25 0.245 6028.6 29.9899
  26 0.255 5043 29.9411
  27 0.265 5348.9 30.0206
  28 0.275 6418.1 29.9889
  29 0.285 5043 29.9799
  30 0.295 5362 30.0183
  31 0.305 6405 30.0487
  32 0.315 5043 30.0278
  33 0.325 5669.7 30.0576
  34 0.335 4991.6 29.976
  35 0.345 3497.1 30.0446
  36 0.355 3427.3 29.9868
  37 0.365 3573.5 30.023
  38 0.375 3506.3 29.9809
  39 0.385 5560.5 29.9807
  40 0.395 5362 30.0331
  41 0.405 5514.6 29.9883
  42 0.415 5552.9 29.9556
  43 0.425 6453.5 29.9593
  44 0.435 4414.7 29.8774
  45 0.445 80.3 30.4749
  46 0.455 0 0
  47 0.465 0 0
  48 0.475 0 0
  49 0.485 0 0
  50 0.495 0 0
  51 0.505 0 0
  52 0.515 0 0
  53 0.525 0 0
  54 0.535 0 0
  55 0.545 0 0
  56 0.555 26.3 -31.2639
  57 0.565 4016.4 -30.1682
  58 0.575 6626.1 -29.969
  59 0.585 5609.2 -30.0062
  60 0.595 5410.4 -30.0043
  61 0.605 5604.8 -30.0156
  62 0.615 5379.6 -29.9635
  63 0.625 3608.5 -30.0321
  64 0.635 3611.2 -30.0168
  65 0.645 3419 -30.0471
  66 0.655 3490.7 -29.9995
  67 0.665 4931.6 -29.9321
  68 0.675 5756.2 -30.0079
  69 0.685 5043 -30.0071
  70 0.695 6175.9 -29.9624
  71 0.705 5591.1 -30.0268
  72 0.715 5043 -30.0243
  73 0.725 6068.6 -30.0216
  74 0.735 5698.4 -29.9686
  75 0.745 5043 -29.9853
  76 0.755 5918.6 -30.0462
  77 0.765 4051.7 -30.1447
  78 0.775 3453.7 -29.9845
  79 0.785 3329.6 -30.017
  80 0.795 3638.1 -29.9508
  81 0.805 3995.4 -30.0819
  82 0.815 6210.9 -30.0151
  83 0.825 5043 -29.9841
  84 0.835 5077.9 -29.9546
  85 0.845 6689.1 -30.0414
  86 0.855 5043 -30.0329
  87 0.865 5063.6 -30.0029
  88 0.875 6703.4 -30.007
  89 0.885 5043 -29.9631
  90 0.895 5316 -29.9531
  91 0.905 5181.3 -30.0172
  92 0.915 3648.5 -30.0021
  93 0.925 3263.6 -30.0154
  94 0.935 3467.4 -30.0156
  95 0.945 3391.1 -29.9453
  96 0.955 6330.1 -29.9871
  97 0.965 5043 -29.9751
  98 0.975 5043 -30.041
  99 0.985 6724 -29.9695
  100 0.995 5043 -29.9614
40 100 435844
  1 0.005 5043 29.9841
  2 0.015 6724 29.9828
  3 0.025 5043 29.9483
  4 0.035 5043 29.966
  5 0.045 6274.4 30.009
  6 0.055 3348.5 29.9828
  7 0.065 3404.9 30.0015
  8 0.075 3303.5 30.0698
  9 0.085 3647.1 29.986
  10 0.095 5090.4 30.0275
  11 0.105 5529.2 30.0308
  12 0.115 5043 30.0345
  13 0.125 6610.9 30.0399
  14 0.135 5156.1 30.0195
  15 0.145 5043 30.0213
  16 0.155 6476 29.9962
  17 0.165 5291 30.0705
  18 0.175 5043 30.0064
  19 0.185 6058.8 29.9586
  20 0.195 4030.9 30.0293
  21 0.205 3571.2 29.9865
  22 0.215 3258.2 29.9659
  23 0.225 3555.3 29.982
  24 0.235 4017.6 30.0324
  25 0.245 6106 29.9912
  26 0.255 5043 29.9377
  27 0.265 5165 30.0196
  28 0.275 6602 29.9923
  29 0.285 5043 29.9786
  30 0.295 5157 30.0188
  31 0.305 6610 30.0462
  32 0.315 5043 30.0312
  33 0.325 5462.1 30.0551
  34 0.335 5089.9 29.9802
  35 0.345 3494.6 30.0329
  36 0.355 3445.1 30.011
  37 0.365 3610.9 30.0044
  38 0.375 3536.2 29.9824
  39 0.385 5516.7 29.9796
  40 0.395 5390.3 30.0356
  41 0.405 5449.7 29.9844
  42 0.415 5619.4 29.9608
  43 0.425 6386.1 29.9394
  44 0.435 4517.5 29.9369
  45 0.445 85.5 30.2371
  46 0.455 0 0
  47 0.465 0 0
  48 0.475 0 0
  49 0.485 0 0
  50 0.495 0 0
  51 0.505 0 0
  52 0.515 0 0
  53 0.525 0 0
  54 0.535 0 0
  55 0.545 0 0
  56 0.555 27.6 -31.8098
  57 0.565 4117.3 -30.155
  58 0.575 6595.4 -29.9669
  59 0.585 5579.1 -30.0068
  60 0.595 5436.5 -30.0028
  61 0.605 5644.2 -30.018
  62 0.615 5303.6 -29.9624
  63 0.625 3615.2 -30.0341
  64 0.635 3628.7 -30.0047
  65 0.645 3487.9 -30.0575
  66 0.655 3476.2 -29.9902
  67 0.665 4988.7 -29.938
  68 0.675 5589.6 -30.0065
  69 0.685 5043 -30.0079
  70 0.695 6470.4 -29.9612
  71 0.705 5296.6 -30.0306
  72 0.715 5043 -30.0239
  73 0.725 6397.8 -30.0181
  74 0.735 5369.2 -29.971
  75 0.745 5043 -29.9844
  76 0.755 6021.3 -30.0496
  77 0.765 4033.4 -30.1325
  78 0.775 3509 -29.9992
  79 0.785 3285.4 -30.0095
  80 0.795 3596.4 -29.9521
  81 0.805 4028.4 -30.0821
  82 0.815 6124.1 -30.0149
  83 0.825 5043 -29.9846
  84 0.835 5121.9 -29.9536
  85 0.845 6645.1 -30.0425
  86 0.855 5043 -30.0346
  87 0.865 5089.1 -30.0001
  88 0.875 6677.9 -30.0071
  89 0.885 5043 -29.9642
  90 0.895 5374.9 -29.9554
  91 0.905 5168.8 -30.0055
  92 0.915 3643.9 -30.0157
  93 0.925 3269.9 -30.0124
  94 0.935 3433.3 -30.0145
  95 0.945 3385 -29.9465
  96 0.955 6322.2 -29.988
  97 0.965 5043 -29.9751
  98 0.975 5043 -30.0403
  99 0.985 6724 -29.9672
  100 0.995 5043 -29.9549
50 100 435844
  1 0.005 5043 29.9757
  2 0.015 6724 29.9821
  3 0.025 5043 29.95
  4 0.035 5043 29.9655
  5 0.045 6261.7 30.0056
  6 0.055 3339.3 29.9851
  7 0.065 3381.5 30.009
  8 0.075 3319.2 30.0734
  9 0.085 3639.3 29.9737
  10 0.095 5060 30.0242
  11 0.105 5597 30.034
  12 0.115 5043 30.0359
  13 0.125 6513.3 30.0332
  14 0.135 5253.7 30.03
  15 0.145 5043 30.0206
  16 0.155 6340.6 29.9975
  17 0.165 5426.4 30.0651
  18 0.175 5043 30.0062
  19 0.185 5995.1 29.956
  20 0.195 4023.8 30.0311
  21 0.205 3509.5 29.9973
  22 0.215 3274.5 29.9597
  23 0.225 3589.8 29.9744
  24 0.235 4002.5 30.038
  25 0.245 6202.8 29.9926
  26 0.255 5043 29.9344
  27 0.265 5082.6 30.0184
  28 0.275 6684.4 29.9954
  29 0.285 5043 29.9771
  30 0.295 5072.4 30.0192
  31 0.305 6694.6 30.0443
  32 0.315 5043 30.0348
  33 0.325 5298.8 30.0578
  34 0.335 5115.6 29.9856
  35 0.345 3527.2 30.0207
  36 0.355 3478.6 30.0131
  37 0.365 3625.3 29.9983
  38 0.375 3562 29.9797
  39 0.385 5469.2 29.987
  40 0.395 5423.5 30.0277
  41 0.405 5394 29.984
  42 0.415 5682.1 29.9637
  43 0.425 6322.7 29.9558
  44 0.435 4615.7 29.938
  45 0.445 89.3 30.293
  46 0.455 0 0
  47 0.465 0 0
  48 0.475 0 0
  49 0.485 0 0
  50 0.495 0 0
  51 0.505 0 0
  52 0.515 0 0
  53 0.525 0 0
  54 0.535 0 0
  55 0.545 0 0
  56 0.555 29.1 -31.4516
  57 0.565 4206.4 -30.0787
  58 0.575 6581.6 -30.0102
  59 0.585 5546.1 -30.0082
  60 0.595 5453.7 -30.0047
  61 0.605 5673 -30.0141
  62 0.615 5243 -29.964
  63 0.625 3621.4 -30.033
  64 0.635 3642.9 -30.0002
  65 0.645 3562.9 -30.0655
  66 0.655 3456.1 -29.9728
  67 0.665 5049.2 -29.9537
  68 0.675 5424.6 -30.0013
  69 0.685 5043 -30.0086
  70 0.695 6645.5 -29.9631
  71 0.705 5121.5 -30.029
  72 0.715 5043 -30.0236
  73 0.725 6597 -30.0175
  74 0.735 5170 -29.9715
  75 0.745 5043 -29.9837
  76 0.755 6114.2 -30.0502
  77 0.765 4022.4 -30.1307
  78 0.775 3570.5 -30.0002
  79 0.785 3259.9 -29.995
  80 0.795 3555.2 -29.9711
  81 0.805 4021.4 -30.0727
  82 0.815 6054.4 -30.0181
  83 0.825 5043 -29.9852
  84 0.835 5195.9 -29.9554
  85 0.845 6571.1 -30.0417
  86 0.855 5043 -30.0361
  87 0.865 5122.9 -29.9959
  88 0.875 6644.1 -30.0086
  89 0.885 5043 -29.9653
  90 0.895 5440.2 -29.9582
  91 0.905 5143.2 -29.9983
  92 0.915 3645.9 -30.0217
  93 0.925 3272.6 -30.012
  94 0.935 3406.4 -30.0113
  95 0.945 3377.6 -29.9443
  96 0.955 6312.1 -29.9912
  97 0.965 5043 -29.975
  98 0.975 5043 -30.0395
  99 0.985 6724 -29.9649
  100 0.995 5043 -29.9489
60 100 435844
  1 0.005 5043 29.9677
  2 0.015 6724 29.9814
  3 0.025 5043 29.9517
  4 0.035 5043 29.965
  5 0.045 6246.3 30.0027
  6 0.055 3339 29.9994
  7 0.065 3344.7 29.9997
  8 0.075 3341.4 30.0765
  9 0.085 3639.6 29.9701
  10 0.095 5022.9 30.0262
  11 0.105 5664.1 30.029
  12 0.115 5043 30.0374
  13 0.125 6404.5 30.0318
  14 0.135 5362.5 30.0334
  15 0.145 5043 30.0199
  16 0.155 6142.9 30.0023
  17 0.165 5624.1 30.0555
  18 0.175 5043 30.0062
  19 0.185 5921.4 29.9521
  20 0.195 4031 30.034
  21 0.205 3438.9 29.9997
  22 0.215 3316.8 29.9608
  23 0.225 3620.8 29.9696
  24 0.235 3964.3 30.0435
  25 0.245 6304.8 29.994
  26 0.255 5043 29.9311
  27 0.265 5052.2 30.0214
  28 0.275 6714.8 29.995
  29 0.285 5043 29.9756
  30 0.295 5049.3 30.0201
  31 0.305 6717.7 30.0423
  32 0.315 5043 30.0386
  33 0.325 5171.7 30.0603
  34 0.335 5109.1 29.9784
  35 0.345 3536.3 30.0354
  36 0.355 3533.8 30.0061
  37 0.365 3647.1 29.9998
  38 0.375 3580.4 29.9725
  39 0.385 5392.4 29.9928
  40 0.395 5487.5 30.0191
  41 0.405 5361.9 29.989
  42 0.415 5718.9 29.9641
  43 0.425 6261.5 29.959
  44 0.435 4711.7 29.9417
  45 0.445 91.7 30.3058
  46 0.455 0 0
  47 0.465 0 0
  48 0.475 0 0
  49 0.485 0 0
  50 0.495 0 0
  51 0.505 0 0
  52 0.515 0 0
  53 0.525 0 0
  54 0.535 0 0
  55 0.545 0 0
  56 0.555 30 -31.3729
  57 0.565 4312.6 -30.1618
  58 0.575 6536.9 -29.9525
  59 0.585 5525.9 -30.0105
  60 0.595 5473.7 -30.0077
  61 0.605 5688.2 -30.0057
  62 0.615 5198.2 -29.9717
  63 0.625 3619.5 -30.0351
  64 0.635 3662.3 -29.996
  65 0.645 3607.2 -30.0723
  66 0.655 3462.7 -29.9555
  67 0.665 5096.6 -29.9587
  68 0.675 5276.2 -30.004
  69 0.685 5043 -30.0093
  70 0.695 6708.4 -29.9651
  71 0.705 5058.6 -30.0258
  72 0.715 5043 -30.0235
  73 0.725 6686.8 -30.0167
  74 0.735 5080.2 -29.9733
  75 0.745 5043 -29.9831
  76 0.755 6209.9 -30.0565
  77 0.765 4002.7 -30.1144
  78 0.775 3612.7 -30.0233
  79 0.785 3267.5 -29.985
  80 0.795 3502.7 -29.9634
  81 0.805 4025.2 -30.0767
  82 0.815 5977.3 -30.0159
  83 0.825 5043 -29.9859
  84 0.835 5329 -29.9585
  85 0.845 6438 -30.0407
  86 0.855 5043 -30.0372
  87 0.865 5188.6 -29.9968
  88 0.875 6578.4 -30.0066
  89 0.885 5043 -29.9661
  90 0.895 5500.1 -29.9539
  91 0.905 5120.1 -29.9987
  92 0.915 3651.8 -30.0275
  93 0.925 3284.7 -30.0203
  94 0.935 3374.8 -29.9951
  95 0.945 3360.8 -29.9432
  96 0.955 6305.7 -29.9964
  97 0.965 5043 -29.975
  98 0.975 5043 -30.0383
  99 0.985 6724 -29.9627
  100 0.995 5043 -29.9435
70 100 435844
  1 0.005 5043 29.9602
  2 0.015 6724 29.9809
  3 0.025 5043 29.9532
  4 0.035 5043 29.9645
  5 0.045 6227.1 30.0026
  6 0.055 3338.3 30.0072
  7 0.065 3310.6 29.9908
  8 0.075 3365.1 30.0729
  9 0.085 3643.9 29.9765
  10 0.095 4994.1 30.0238
  11 0.105 5718.9 30.0258
  12 0.115 5043 30.0388
  13 0.125 6274.1 30.031
  14 0.135 5492.9 30.0358
  15 0.145 5043 30.0192
  16 0.155 5916.7 30.0014
  17 0.165 5850.3 30.0525
  18 0.175 5043 30.0063
  19 0.185 5847.4 29.9482
  20 0.195 4045.6 30.0416
  21 0.205 3368 29.9914
  22 0.215 3385.7 29.9642
  23 0.225 3629.8 29.9755
  24 0.235 3928 30.0305
  25 0.245 6393.5 30.0019
  26 0.255 5043 29.928
  27 0.265 5043.3 30.0209
  28 0.275 6723.7 29.9972
  29 0.285 5043 29.9739
  30 0.295 5043.2 30.0212
  31 0.305 6723.8 30.0402
  32 0.315 5043 30.0426
  33 0.325 5093 30.0542
  34 0.335 5078.3 29.972
  35 0.345 3538.8 30.0544
  36 0.355 3584.8 30.0105
  37 0.365 3669 29.9904
  38 0.375 3590.8 29.9763
  39 0.385 5311.6 29.9941
  40 0.395 5560.1 30.0187
  41 0.405 5324.7 29.9872
  42 0.415 5736.2 29.9641
  43 0.425 6226.1 29.936
  44 0.435 4794.7 29.9791
  45 0.445 95.9 30.4433
  46 0.455 0 0
  47 0.465 0 0
  48 0.475 0 0
  49 0.485 0 0
  50 0.495 0 0
  51 0.505 0 0
  52 0.515 0 0
  53 0.525 0 0
  54 0.535 0 0
  55 0.545 0 0
  56 0.555 32.2 -34.1177
  57 0.565 4419.1 -30.0651
  58 0.575 6477.2 -29.9987
  59 0.585 5515.3 -30.0146
  60 0.595 5490.6 -30.0088
  61 0.605 5684.9 -30.0029
  62 0.615 5176.8 -29.971
  63 0.625 3617.5 -30.0395
  64 0.635 3674.6 -29.9952
  65 0.645 3641.5 -30.061
  66 0.655 3490.3 -29.9627
  67 0.665 5093.8 -29.9619
  68 0.675 5176.2 -30.0038
  69 0.685 5043 -30.0098
  70 0.695 6722.5 -29.9656
  71 0.705 5044.5 -30.0238
  72 0.715 5043 -30.0234
  73 0.725 6714.2 -30.0157
  74 0.735 5052.8 -29.9759
  75 0.745 5043 -29.9827
  76 0.755 6305.9 -30.0535
  77 0.765 3966.9 -30.1259
  78 0.775 3631.3 -30.0157
  79 0.785 3319.4 -29.9948
  80 0.795 3430.8 -29.9458
  81 0.805 4046.2 -30.0832
  82 0.815 5897.5 -30.0158
  83 0.825 5043 -29.9868
  84 0.835 5503.7 -29.9671
  85 0.845 6263.3 -30.0352
  86 0.855 5043 -30.0379
  87 0.865 5279.1 -29.9947
  88 0.875 6487.9 -30.0071
  89 0.885 5043 -29.9669
  90 0.895 5569.6 -29.9518
  91 0.905 5095.2 -29.9994
  92 0.915 3642.5 -30.026
  93 0.925 3287.7 -30.0213
  94 0.935 3362.1 -29.9936
  95 0.945 3339.7 -29.938
  96 0.955 6301.2 -30.0022
  97 0.965 5043 -29.9751
  98 0.975 5043 -30.0369
  99 0.985 6724 -29.9607
  100 0.995 5043 -29.9387
80 100 435844
  1 0.005 5043 29.9533
  2 0.015 6724 29.9805
  3 0.025 5043 29.9546
  4 0.035 5043 29.964
  5 0.045 6213 30.0025
  6 0.055 3327.7 30.0096
  7 0.065 3287.8 29.9814
  8 0.075 3386.1 30.0776
  9 0.085 3649.1 29.9785
  10 0.095 4971.6 30.0239
  11 0.105 5762.7 30.0218
  12 0.115 5043 30.0402
  13 0.125 6092.7 30.026
  14 0.135 5674.3 30.0424
  15 0.145 5043 30.0186
  16 0.155 5702.2 30.0054
  17 0.165 6064.8 30.045
  18 0.175 5043 30.0067
  19 0.185 5762.2 29.9475
  20 0.195 4060.2 30.0442
  21 0.205 3317.9 29.9819
  22 0.215 3450 29.956
  23 0.225 3647.1 29.98
  24 0.235 3887.4 30.0397
  25 0.245 6473.2 30.0034
  26 0.255 5043 29.925
  27 0.265 5043 30.0201
  28 0.275 6724 29.9995
  29 0.285 5043 29.9721
  30 0.295 5043 30.021
  31 0.305 6724 30.0389
  32 0.315 5043 30.0467
  33 0.325 5062.8 30.0529
  34 0.335 5017.9 29.9756
  35 0.345 3554 30.0407
  36 0.355 3620.7 30.0199
  37 0.365 3672.6 29.9947
  38 0.375 3604.3 29.9666
  39 0.385 5222.4 29.999
  40 0.395 5637.5 30.0137
  41 0.405 5293.1 29.9906
  42 0.415 5745.2 29.96
  43 0.425 6181.2 29.9434
  44 0.435 4888 29.9786
  45 0.445 104.3 30.5884
  46 0.455 0 0
  47 0.465 0 0
  48 0.475 0 0
  49 0.485 0 0
  50 0.495 0 0
  51 0.505 0 0
  52 0.515 0 0
  53 0.525 0 0
  54 0.535 0 0
  55 0.545 0 0
  56 0.555 36.6 -55.7837
  57 0.565 4527.4 -29.9435
  58 0.575 6429.2 -29.9663
  59 0.585 5486.8 -30.0097
  60 0.595 5498.9 -30.0065
  61 0.605 5683.1 -30.0052
  62 0.615 5156.5 -29.9723
  63 0.625 3625.1 -30.0497
  64 0.635 3687 -29.9934
  65 0.645 3665.8 -30.0436
  66 0.655 3510.1 -29.9707
  67 0.665 5061.4 -29.9676
  68 0.675 5122.1 -30.0007
  69 0.685 5043 -30.0103
  70 0.695 6724 -29.9652
  71 0.705 5043 -30.0229
  72 0.715 5043 -30.0235
  73 0.725 6722.5 -30.0157
  74 0.735 5044.5 -29.9774
  75 0.745 5043 -29.9824
  76 0.755 6403.1 -30.0527
  77 0.765 3916.4 -30.1275
  78 0.775 3647.9 -30.0216
  79 0.785 3375.5 -29.9737
  80 0.795 3382.2 -29.9555
  81 0.805 4054.7 -30.0869
  82 0.815 5818.2 -30.0155
  83 0.825 5043 -29.9878
  84 0.835 5703.1 -29.9678
  85 0.845 6063.9 -30.0366
  86 0.855 5043 -30.0384
  87 0.865 5400.6 -29.9911
  88 0.875 6366.4 -30.0095
  89 0.885 5043 -29.9674
  90 0.895 5632.2 -29.9546
  91 0.905 5066.6 -29.9916
  92 0.915 3637.2 -30.031
  93 0.925 3302.9 -30.0153
  94 0.935 3342.7 -29.9977
  95 0.945 3324 -29.9344
  96 0.955 6292.4 -30.0069
  97 0.965 5043 -29.9752
  98 0.975 5043 -30.0352
  99 0.985 6724 -29.9588
  100 0.995 5043 -29.9346
90 100 435844
  1 0.005 5043 29.947
  2 0.015 6724 29.9801
  3 0.025 5043 29.9558
  4 0.035 5043 29.9636
  5 0.045 6198.2 30.0017
  6 0.055 3308.7 30.0132
  7 0.065 3268.8 29.9621
  8 0.075 3413.9 30.0908
  9 0.085 3648.2 29.9822
  10 0.095 4946 30.0221
  11 0.105 5814.2 30.0188
  12 0.115 5043 30.0414
  13 0.125 5906.5 30.0289
  14 0.135 5860.5 30.0403
  15 0.145 5043 30.018
  16 0.155 5497.1 30.0124
  17 0.165 6269.9 30.0358
  18 0.175 5043 30.0071
  19 0.185 5671.3 29.947
  20 0.195 4080.6 30.0453
  21 0.205 3286.7 29.9754
  22 0.215 3523.2 29.9557
  23 0.225 3654.4 29.9878
  24 0.235 3833.1 30.0423
  25 0.245 6548.7 30.0021
  26 0.255 5043 29.9222
  27 0.265 5043 30.0192
  28 0.275 6724 30.0018
  29 0.285 5043 29.9704
  30 0.295 5043 30.0209
  31 0.305 6724 30.0376
  32 0.315 5043 30.0508
  33 0.325 5048.7 30.0501
  34 0.335 4960.6 29.979
  35 0.345 3557.7 30.028
  36 0.355 3652.8 30.0316
  37 0.365 3679.8 29.9991
  38 0.375 3612 29.957
  39 0.385 5145 30.0025
  40 0.395 5700.6 30.0139
  41 0.405 5273.5 29.9852
  42 0.415 5731.6 29.9623
  43 0.425 6139.9 29.9444
  44 0.435 4990.2 29.9744
  45 0.445 111.6 30.5753
  46 0.455 0 0
  47 0.465 0 0
  48 0.475 0.1 -21052
  49 0.485 0.1 -21052
  50 0.495 0.1 -21052
  51 0.505 0.1 -21052
  52 0.515 0.2 -16232.6
  53 0.525 0.4 -12667.2
  54 0.535 0.7 -12186
  55 0.545 0.7 -10148.6
  56 0.555 46.5 -158.261
  57 0.565 4613.6 -30.0837
  58 0.575 6396.3 -28.8785
  59 0.585 5456.5 -30.0091
  60 0.595 5515.3 -29.3862
  61 0.605 5682.6 -29.4028
  62 0.615 5133.7 -29.9742
  63 0.625 3621.8 -29.1074
  64 0.635 3690.9 -29.0704
  65 0.645 3678.8 -30.0406
  66 0.655 3552.7 -29.004
  67 0.665 5009.8 -29.9709
  68 0.675 5088.7 -30.0009
  69 0.685 5043 -30.0106
  70 0.695 6724 -29.9644
  71 0.705 5043 -30.0224
  72 0.715 5043 -30.0237
  73 0.725 6724 -30.017
  74 0.735 5043 -29.9773
  75 0.745 5043 -29.9823
  76 0.755 6489.1 -30.0479
  77 0.765 3865.6 -30.1331
  78 0.775 3661.1 -30.0264
  79 0.785 3439 -29.9743
  80 0.795 3347.7 -29.9489
  81 0.805 4066.3 -30.0857
  82 0.815 5729.2 -30.0179
  83 0.825 5043 -29.9889
  84 0.835 5937.1 -29.9712
  85 0.845 5829.9 -30.0357
  86 0.855 5043 -30.0385
  87 0.865 5564.6 -29.9909
  88 0.875 6202.4 -30.0096
  89 0.885 5043 -29.9678
  90 0.895 5699 -29.956
  91 0.905 5023.1 -29.9874
  92 0.915 3645.3 -30.0378
  93 0.925 3314.9 -30.0088
  94 0.935 3325 -29.9982
  95 0.945 3311.7 -29.9387
  96 0.955 6279 -30.0071
  97 0.965 5043 -29.9754
  98 0.975 5043 -30.0333
  99 0.985 6724 -29.957
  100 0.995 5043 -29.931
100 100 435843
  1 0.005 5043 29.9414
  2 0.015 6724 29.9799
  3 0.025 5043 29.9569
  4 0.035 5043 29.9633
  5 0.045 6177.5 29.999
  6 0.055 3301.6 30.0189
  7 0.065 3249.8 29.9523
  8 0.075 3439.8 30.0893
  9 0.085 3646.7 29.992
  10 0.095 4905.3 30.0157
  11 0.105 5877.3 30.02
  12 0.115 5043 30.0425
  13 0.125 5703.7 30.0245
  14 0.135 6063.3 30.0453
  15 0.145 5043 30.0174
  16 0.155 5319.3 30.0183
  17 0.165 6447.7 30.0287
  18 0.175 5043 30.0077
  19 0.185 5579.7 29.948
  20 0.195 4105.1 30.0445
  21 0.205 3283.2 29.9731
  22 0.215 3571.9 29.9561
  23 0.225 3666.3 29.99
  24 0.235 3784.4 30.0426
  25 0.245 6606.3 30.0025
  26 0.255 5044.1 29.9198
  27 0.265 5043 30.0181
  28 0.275 6723.6 30.0041
  29 0.285 5043.4 29.9686
  30 0.295 5043 30.0208
  31 0.305 6723 30.0362
  32 0.315 5044 30.0552
  33 0.325 5044.5 30.047
  34 0.335 4913.5 29.9831
  35 0.345 3564.5 30.0217
  36 0.355 3670.4 30.0332
  37 0.365 3686.8 30.0023
  38 0.375 3612 29.9557
  39 0.385 5095.6 30.0046
  40 0.395 5727.8 30.0121
  41 0.405 5273.3 29.9839
  42 0.415 5708.6 29.9628
  43 0.425 6099.8 29.6231
  44 0.435 5087.9 29.5113
  45 0.445 119.7 -4.51371
  46 0.455 0.1 -21052
  47 0.465 0.2 -16232.6
  48 0.475 0.2 -11413.2
  49 0.485 0.2 -11413.2
  50 0.495 0.2 -11413.2
  51 0.505 0.6 -8331.42
  52 0.515 0.4 -7946.21
  53 0.525 0.3 -6790.56
  54 0.535 0 0
  55 0.545 0 0
  56 0.555 49 -34.6886
  57 0.565 4721 -30.2223
  58 0.575 6357.7 -29.7415
  59 0.585 5426.1 -29.6173
  60 0.595 5521.9 -29.7495
  61 0.605 5675.4 -30.006
  62 0.615 5122.1 -29.974
  63 0.625 3618.5 -30.0596
  64 0.635 3689.5 -29.9923
  65 0.645 3688.3 -30.0279
  66 0.655 3584 -29.9861
  67 0.665 4967.8 -29.9679
  68 0.675 5064.7 -29.9999
  69 0.685 5046 -30.0109
  70 0.695 6721 -29.9635
  71 0.705 5043 -30.0218
  72 0.715 5044 -30.0234
  73 0.725 6723 -30.0189
  74 0.735 5043 -29.9769
  75 0.745 5043 -29.9824
  76 0.755 6569.8 -30.0518
  77 0.765 3804.7 -30.1255
  78 0.775 3670.6 -30.0215
  79 0.785 3506.6 -29.9919
  80 0.795 3322.3 -29.9314
  81 0.805 4079.4 -30.0934
  82 0.815 5644.6 -30.0149
  83 0.825 5043 -29.9901
  84 0.835 6158 -29.9676
  85 0.845 5609 -30.042
  86 0.855 5043 -30.0382
  87 0.865 5728.9 -29.9918
  88 0.875 6038.1 -30.0089
  89 0.885 5043 -29.968
  90 0.895 5766 -29.9625
  91 0.905 4978.7 -29.9745
  92 0.915 3644.7 -30.0458
  93 0.925 3337.6 -30.0071
  94 0.935 3305.3 -29.9991
  95 0.945 3298.5 -29.9393
  96 0.955 6267.2 -30.0081
  97 0.965 5043 -29.9756
  98 0.975 5043 -30.0311
  99 0.985 6724 -29.9555
  100 0.995 5043 -29.9282
