# Chunk-averaged data for fix temp_bias and group all
# Timestep Number-of-chunks Total-count
# Chunk Coord1 Ncount temp
10 100 440002
  1 0.005 3726.6 305.554
  2 0.015 3447.8 306.337
  3 0.025 6425.7 301.309
  4 0.035 5054 299.898
  5 0.045 6724 301.426
  6 0.055 5043 295.916
  7 0.065 6714.2 297.358
  8 0.075 5052.8 296.896
  9 0.085 6647.1 302.477
  10 0.095 5119.9 302.173
  11 0.105 6211.1 299.996
  12 0.115 4696.8 297.292
  13 0.125 3622.1 300.657
  14 0.135 3675 305.085
  15 0.145 3680.6 297.28
  16 0.155 3820.7 299.452
  17 0.165 6572.7 306.309
  18 0.175 5043 296.755
  19 0.185 6724 297.389
  20 0.195 5043 297.75
  21 0.205 6724 303.057
  22 0.215 5043 300.765
  23 0.225 6724 301.314
  24 0.235 5043 299.005
  25 0.245 6645 299.466
  26 0.255 3753.4 297.762
  27 0.265 3675.6 299.551
  28 0.275 3676 306.383
  29 0.285 3636.1 301.444
  30 0.295 5037.1 303.037
  31 0.305 5855.8 297.366
  32 0.315 5519.8 304.55
  33 0.325 6247.2 301.066
  34 0.335 5142.6 297.047
  35 0.345 6624.4 298.913
  36 0.355 5060.7 296.908
  37 0.365 6706.3 301.845
  38 0.375 5050.7 301.356
  39 0.385 6583.4 295.361
  40 0.395 3321.7 295.941
  41 0.405 5201.1 290.965
  42 0.415 5587.2 1096.52
  43 0.425 120.9 933.36
  44 0.435 0 0
  45 0.445 0 0
  46 0.455 0 0
  47 0.465 0 0
  48 0.475 0 0
  49 0.485 0 0
  50 0.495 0 0
  51 0.505 0 0
  52 0.515 0 0
  53 0.525 0 0
  54 0.535 0 0
  55 0.545 0 0
  56 0.555 0 0
  57 0.565 0 0
  58 0.575 113.7 818.037
  59 0.585 5553.4 2223.63
  60 0.595 5243.1 299.439
  61 0.605 3266.1 295.373
  62 0.615 6584.7 301.494
  63 0.625 5046 298.756
  64 0.635 6717.2 298.221
  65 0.645 5049.8 299.951
  66 0.655 6657.8 302.073
  67 0.665 5109.2 295.68
  68 0.675 6373 302.912
  69 0.685 5394 297.861
  70 0.695 5877.1 295.35
  71 0.705 5016.9 301.626
  72 0.715 3636 302.076
  73 0.725 3676 297.869
  74 0.735 3679.4 304.594
  75 0.745 3746.2 298.225
  76 0.755 6647.4 300.08
  77 0.765 5043 302.359
  78 0.775 6724 297.664
  79 0.785 5043 297.649
  80 0.795 6724 298.568
  81 0.805 5043 304.363
  82 0.815 6724 296.35
  83 0.825 5043 297.154
  84 0.835 6600.9 302.012
  85 0.845 3792.7 300.792
  86 0.855 3679.5 300.508
  87 0.865 3675.9 298.734
  88 0.875 3624.5 296.088
  89 0.885 4792 301.004
  90 0.895 6113.5 303.06
  91 0.905 5151.3 306.506
  92 0.915 6615.7 301.846
  93 0.925 5057.4 300.548
  94 0.935 6709.6 298.818
  95 0.945 5050.2 298.699
  96 0.955 6716.8 304.387
  97 0.965 5090.4 300.072
  98 0.975 6447.6 299.399
  99 0.985 3393.1 300.694
  100 0.995 3736.8 302.974
20 100 440002
  1 0.005 3721.3 304.897
  2 0.015 3452.6 306.388
  3 0.025 6423.2 301.347
  4 0.035 5055.9 299.371
  5 0.045 6724 301.802
  6 0.055 5043 295.84
  7 0.065 6710.1 297.479
  8 0.075 5056.9 296.208
  9 0.085 6619.8 301.438
  10 0.095 5147.2 302.211
  11 0.105 6164 300.264
  12 0.115 4739.3 297.226
  13 0.125 3626.7 300.829
  14 0.135 3675 305.267
  15 0.145 3679.2 297.335
  16 0.155 3794.1 298.817
  17 0.165 6600.7 306.231
  18 0.175 5043 297.508
  19 0.185 6724 297.467
  20 0.195 5043 297.836
  21 0.205 6724 302.385
  22 0.215 5043 300.892
  23 0.225 6724 301.319
  24 0.235 5043 298.726
  25 0.245 6608 299.769
  26 0.255 3787.4 297.52
  27 0.265 3678.6 299.355
  28 0.275 3676 306.468
  29 0.285 3627.9 300.922
  30 0.295 4902.9 302.715
  31 0.305 5998.2 298.123
  32 0.315 5273.5 304.943
  33 0.325 6493.5 301.541
  34 0.335 5059.3 295.903
  35 0.345 6707.7 298.985
  36 0.355 5045.5 297.525
  37 0.365 6721.5 301.879
  38 0.375 5043.7 301.496
  39 0.385 6578.4 295.226
  40 0.395 3284.1 295.552
  41 0.405 5181.6 299.54
  42 0.415 5646.7 1569.2
  43 0.425 130.5 874.763
  44 0.435 0 0
  45 0.445 0 0
  46 0.455 0 0
  47 0.465 0 0
  48 0.475 0 0
  49 0.485 0 0
  50 0.495 0 0
  51 0.505 0 0
  52 0.515 0 0
  53 0.525 0 0
  54 0.535 0 0
  55 0.545 0 0
  56 0.555 0 0
  57 0.565 0 0
  58 0.575 124 1498.02
  59 0.585 5615.2 3713.65
  60 0.595 5210.5 299.517
  61 0.605 3236.8 296.173
  62 0.615 6577.2 301.002
  63 0.625 5043.3 298.913
  64 0.635 6723.9 298.012
  65 0.645 5043.1 299.104
  66 0.655 6714.3 302.794
  67 0.665 5052.7 295.571
  68 0.675 6577.1 302.341
  69 0.685 5189.9 297.449
  70 0.695 6016.3 295.953
  71 0.705 4885 302.424
  72 0.715 3628.7 300.931
  73 0.725 3676 297.544
  74 0.735 3684.6 304.279
  75 0.745 3787.1 298.225
  76 0.755 6601.3 300.899
  77 0.765 5043 302.426
  78 0.775 6724 297.649
  79 0.785 5043 297.086
  80 0.795 6724 298.512
  81 0.805 5043 303.701
  82 0.815 6724 296.909
  83 0.825 5043 295.761
  84 0.835 6635.2 301.781
  85 0.845 3760.7 300.562
  86 0.855 3678.1 300.314
  87 0.865 3675 298.238
  88 0.875 3626.9 294.672
  89 0.885 4838.1 301.29
  90 0.895 6065 303.584
  91 0.905 5187.9 306.698
  92 0.915 6579.1 301.841
  93 0.925 5063.6 300.683
  94 0.935 6703.4 298.764
  95 0.945 5052 299.134
  96 0.955 6715 304.105
  97 0.965 5096.7 300.657
  98 0.975 6441.3 298.528
  99 0.985 3394.9 300.823
  100 0.995 3736.1 310.218
30 100 440002
  1 0.005 3716.7 308.152
  2 0.015 3451.6 306.485
  3 0.025 6422.8 301.397
  4 0.035 5058.9 298.774
  5 0.045 6724 302.14
  6 0.055 5043 295.866
  7 0.065 6708.5 297.514
  8 0.075 5058.5 295.575
  9 0.085 6594.8 300.781
  10 0.095 5172.2 301.668
  11 0.105 6105.8 300.352
  12 0.115 4797.2 297.443
  13 0.125 3627 301.044
  14 0.135 3675 305.136
  15 0.145 3677 297.5
  16 0.155 3766.5 298.496
  17 0.165 6630.5 305.709
  18 0.175 5043 298.254
  19 0.185 6724 297.666
  20 0.195 5043 297.877
  21 0.205 6724 301.593
  22 0.215 5043 301.209
  23 0.225 6723.7 301.336
  24 0.235 5043.3 298.423
  25 0.245 6556.4 300.02
  26 0.255 3834.4 297.229
  27 0.265 3683.2 299.085
  28 0.275 3675.3 306.352
  29 0.285 3620 300.123
  30 0.295 4763.6 303.554
  31 0.305 6146.1 298.106
  32 0.315 5127.9 304.629
  33 0.325 6639.1 302.259
  34 0.335 5044.3 294.948
  35 0.345 6722.7 299.011
  36 0.355 5043 298.366
  37 0.365 6724 301.745
  38 0.375 5043 301.558
  39 0.385 6565.7 295.289
  40 0.395 3250.6 296.142
  41 0.405 5158.3 759.58
  42 0.415 5709.6 1097.25
  43 0.425 137.8 1012.57
  44 0.435 0 0
  45 0.445 0 0
  46 0.455 0 0
  47 0.465 0 0
  48 0.475 0 0
  49 0.485 0 0
  50 0.495 0 0
  51 0.505 0 0
  52 0.515 0 0
  53 0.525 0 0
  54 0.535 0 0
  55 0.545 0 0
  56 0.555 0 0
  57 0.565 0 0
  58 0.575 136.1 24645.5
  59 0.585 5673.2 5498.51
  60 0.595 5178.3 301.528
  61 0.605 3209.2 295.086
  62 0.615 6567.2 301.004
  63 0.625 5043 299.288
  64 0.635 6724 297.945
  65 0.645 5043 298.2
  66 0.655 6722.3 303.537
  67 0.665 5044.7 295.532
  68 0.675 6669.2 301.651
  69 0.685 5097.8 297.209
  70 0.695 6158.3 296.944
  71 0.705 4750 302.527
  72 0.715 3621.7 300
  73 0.725 3676.6 297.284
  74 0.735 3685.8 303.845
  75 0.745 3844.1 298.394
  76 0.755 6542.5 301.68
  77 0.765 5043 302.423
  78 0.775 6724 297.578
  79 0.785 5043 296.599
  80 0.795 6724 298.615
  81 0.805 5043 303.008
  82 0.815 6724 297.362
  83 0.825 5043 294.482
  84 0.835 6663.2 301.573
  85 0.845 3735.3 300.532
  86 0.855 3675.5 300.267
  87 0.865 3675 297.614
  88 0.875 3630.8 293.712
  89 0.885 4887.9 301.528
  90 0.895 6011.3 304.174
  91 0.905 5246.8 306.752
  92 0.915 6520.2 301.744
  93 0.925 5068.8 300.819
  94 0.935 6698.2 298.764
  95 0.945 5054.5 299.681
  96 0.955 6712.5 303.871
  97 0.965 5103.3 301.142
  98 0.975 6434.7 297.751
  99 0.985 3394.6 300.701
  100 0.995 3739.4 322.783
40 100 440002
  1 0.005 3714.3 307.744
  2 0.015 3453.1 306.597
  3 0.025 6424.7 301.368
  4 0.035 5058.4 298.177
  5 0.045 6724 302.419
  6 0.055 5043 295.991
  7 0.065 6705.5 297.379
  8 0.075 5061.5 295.146
  9 0.085 6558.4 299.684
  10 0.095 5208.6 301.692
  11 0.105 6056.2 300.443
  12 0.115 4842.8 297.636
  13 0.125 3631 301.35
  14 0.135 3675 304.714
  15 0.145 3675 297.635
  16 0.155 3736.4 298.249
  17 0.165 6662.6 305.006
  18 0.175 5043 298.94
  19 0.185 6724 297.982
  20 0.195 5043 297.887
  21 0.205 6724 300.737
  22 0.215 5043 301.691
  23 0.225 6722.5 301.383
  24 0.235 5044.5 298.125
  25 0.245 6495.5 300.118
  26 0.255 3890.7 297.097
  27 0.265 3687.8 298.732
  28 0.275 3675 306.041
  29 0.285 3615 299.831
  30 0.295 4620.6 304.417
  31 0.305 6294.4 297.787
  32 0.315 5062.5 303.943
  33 0.325 6704.5 302.915
  34 0.335 5043 294.347
  35 0.345 6724 298.916
  36 0.355 5043 299.256
  37 0.365 6724 301.557
  38 0.375 5043 301.572
  39 0.385 6547.8 295.357
  40 0.395 3222.2 295.03
  41 0.405 5118.1 738.287
  42 0.415 5789.2 920.947
  43 0.425 144.7 5090.98
  44 0.435 0 0
  45 0.445 0 0
  46 0.455 0 0
  47 0.465 0 0
  48 0.475 0 0
  49 0.485 0 0
  50 0.495 0 0
  51 0.505 0 0
  52 0.515 0 0
  53 0.525 0 0
  54 0.535 0 0
  55 0.545 0 0
  56 0.555 0 0
  57 0.565 0.4 0
  58 0.575 146.1 4.30946e+06
  59 0.585 5730 119991
  60 0.595 5160.3 152317
  61 0.605 3176.5 43122.9
  62 0.615 6550.7 301.198
  63 0.625 5043 299.797
  64 0.635 6724 297.918
  65 0.645 5043 297.452
  66 0.655 6724 304.3
  67 0.665 5043 295.45
  68 0.675 6711.6 300.817
  69 0.685 5055.4 297.128
  70 0.695 6303 297.645
  71 0.705 4614.1 303.146
  72 0.715 3612.9 298.634
  73 0.725 3678.7 297.048
  74 0.735 3690.4 303.603
  75 0.745 3912.4 297.888
  76 0.755 6467.5 302.71
  77 0.765 5043 302.333
  78 0.775 6724 297.442
  79 0.785 5043 296.222
  80 0.795 6724 298.876
  81 0.805 5043 302.32
  82 0.815 6724 297.691
  83 0.825 5043 293.371
  84 0.835 6683.5 301.458
  85 0.845 3716.5 300.649
  86 0.855 3674 300.183
  87 0.865 3675.3 296.967
  88 0.875 3632.2 293.211
  89 0.885 4936.4 301.979
  90 0.895 5961.1 304.587
  91 0.905 5307.7 306.54
  92 0.915 6459.3 301.703
  93 0.925 5074.6 300.859
  94 0.935 6692.4 298.875
  95 0.945 5056.4 300.657
  96 0.955 6710.6 303.426
  97 0.965 5107.4 301.691
  98 0.975 6431.1 296.962
  99 0.985 3394.7 300.583
  100 0.995 3738.3 302.606
50 100 440002
  1 0.005 3714.3 313.208
  2 0.015 3453.8 306.817
  3 0.025 6424.6 301.133
  4 0.035 5059.2 297.64
  5 0.045 6723.5 302.63
  6 0.055 5043.5 296.193
  7 0.065 6696.8 297.106
  8 0.075 5070.2 294.917
  9 0.085 6509.5 298.757
  10 0.095 5257.5 301.548
  11 0.105 6007.9 300.382
  12 0.115 4885.2 297.882
  13 0.125 3636.9 301.919
  14 0.135 3675 304.035
  15 0.145 3675 297.937
  16 0.155 3714.3 297.051
  17 0.165 6684.7 304.659
  18 0.175 5043 299.513
  19 0.185 6724 298.401
  20 0.195 5043 297.876
  21 0.205 6724 299.874
  22 0.215 5043 302.3
  23 0.225 6720 301.546
  24 0.235 5047 297.758
  25 0.245 6420.1 300.246
  26 0.255 3955.8 296.757
  27 0.265 3697.4 298.403
  28 0.275 3675.7 305.511
  29 0.285 3605.7 299.845
  30 0.295 4493.3 305.301
  31 0.305 6431 297.277
  32 0.315 5046.8 303.029
  33 0.325 6720.2 303.432
  34 0.335 5043 294.031
  35 0.345 6724 298.787
  36 0.355 5043 300.2
  37 0.365 6724 301.299
  38 0.375 5043 301.566
  39 0.385 6518.8 295.414
  40 0.395 3207 293.148
  41 0.405 5081.8 729.869
  42 0.415 5855.6 845.493
  43 0.425 158.8 6497.58
  44 0.435 0 0
  45 0.445 0 0
  46 0.455 0 0
  47 0.465 0 0
  48 0.475 0 0
  49 0.485 0 0
  50 0.495 0 0
  51 0.505 0 0
  52 0.515 0 0
  53 0.525 0 0
  54 0.535 0.4 0
  55 0.545 0.3 0
  56 0.555 0.3 0
  57 0.565 0 0
  58 0.575 156.5 26272.3
  59 0.585 5789.1 2491.96
  60 0.595 5122.7 12897.7
  61 0.605 3176.3 262421
  62 0.615 6518.4 105133
  63 0.625 5043 300.38
  64 0.635 6724 297.928
  65 0.645 5043 296.914
  66 0.655 6724 304.896
  67 0.665 5043 295.504
  68 0.675 6722.5 299.98
  69 0.685 5044.5 297.063
  70 0.695 6415.4 297.845
  71 0.705 4509.5 303.835
  72 0.715 3605.1 297.778
  73 0.725 3681.5 296.805
  74 0.735 3696.7 303.553
  75 0.745 3995 298.334
  76 0.755 6375.8 302.989
  77 0.765 5043.2 302.142
  78 0.775 6723.8 297.238
  79 0.785 5043 295.981
  80 0.795 6724 299.286
  81 0.805 5043 301.671
  82 0.815 6724 297.89
  83 0.825 5043 292.471
  84 0.835 6697.9 301.422
  85 0.845 3702.7 300.946
  86 0.855 3673.4 300.035
  87 0.865 3676 296.313
  88 0.875 3635.6 293.091
  89 0.885 4986.4 302.08
  90 0.895 5907 305.293
  91 0.905 5372.1 306.467
  92 0.915 6394.9 301.417
  93 0.925 5087.4 300.64
  94 0.935 6679.6 299.197
  95 0.945 5058.7 301.542
  96 0.955 6708.3 303.133
  97 0.965 5110.4 302.26
  98 0.975 6428 296.19
  99 0.985 3398.7 300.511
  100 0.995 3733 304.039
60 100 440002
  1 0.005 3712.8 306.822
  2 0.015 3455 307.141
  3 0.025 6422 300.766
  4 0.035 5060.8 297.077
  5 0.045 6723 302.744
  6 0.055 5044 296.483
  7 0.065 6686 296.819
  8 0.075 5081 294.768
  9 0.085 6446.9 298.021
  10 0.095 5320.1 301.265
  11 0.105 5963.8 300.626
  12 0.115 4925.2 297.729
  13 0.125 3641 302.623
  14 0.135 3675 303.144
  15 0.145 3674.6 298.261
  16 0.155 3701.9 295.98
  17 0.165 6697.5 304.204
  18 0.175 5043 299.93
  19 0.185 6724 298.901
  20 0.195 5043 297.851
  21 0.205 6724 299.065
  22 0.215 5043 302.984
  23 0.225 6712.9 301.674
  24 0.235 5054.1 297.557
  25 0.245 6317.5 300.794
  26 0.255 4039.5 295.644
  27 0.265 3714.7 298.152
  28 0.275 3677.3 304.862
  29 0.285 3600.5 299.797
  30 0.295 4405.9 305.448
  31 0.305 6523.6 297.238
  32 0.315 5043 302.389
  33 0.325 6724 303.455
  34 0.335 5043 294.031
  35 0.345 6724 298.629
  36 0.355 5043 301.159
  37 0.365 6724 300.989
  38 0.375 5043 301.545
  39 0.385 6472.4 295.411
  40 0.395 3219.5 292.745
  41 0.405 5049.7 669.282
  42 0.415 5910.1 855.679
  43 0.425 170.3 5842.07
  44 0.435 0 0
  45 0.445 0 0
  46 0.455 0 0
  47 0.465 0 0
  48 0.475 0 0
  49 0.485 0 0
  50 0.495 0 0
  51 0.505 0.3 0
  52 0.515 0.4 0
  53 0.525 0.3 0
  54 0.535 0 0
  55 0.545 0 0
  56 0.555 0 0
  57 0.565 0 0
  58 0.575 174 31150.6
  59 0.585 5843.1 2091.02
  60 0.595 5086.9 340.843
  61 0.605 3190.9 7071.15
  62 0.615 6467.1 29614.3
  63 0.625 5043.5 137057
  64 0.635 6724.5 103206
  65 0.645 5043 296.622
  66 0.655 6724 305.324
  67 0.665 5043 295.641
  68 0.675 6724 299.281
  69 0.685 5043 296.841
  70 0.695 6522.9 298.483
  71 0.705 4412.7 303.284
  72 0.715 3594.5 297.418
  73 0.725 3684.8 296.665
  74 0.735 3705.5 303.604
  75 0.745 4096.9 299.119
  76 0.755 6261.7 302.797
  77 0.765 5049.5 301.774
  78 0.775 6717.5 297.024
  79 0.785 5043 295.895
  80 0.795 6724 299.823
  81 0.805 5043 301.09
  82 0.815 6724 297.967
  83 0.825 5043 291.813
  84 0.835 6705.9 301.326
  85 0.845 3695.4 301.563
  86 0.855 3672.7 299.851
  87 0.865 3676 295.623
  88 0.875 3637.8 293.493
  89 0.885 5041.5 301.766
  90 0.895 5849.7 306.226
  91 0.905 5458.4 306.373
  92 0.915 6308.6 301.005
  93 0.925 5108.3 300.717
  94 0.935 6658.7 299.287
  95 0.945 5064 302.251
  96 0.955 6703 303.027
  97 0.965 5116.7 302.655
  98 0.975 6421.3 295.735
  99 0.985 3401.2 300.167
  100 0.995 3732.2 310.468
70 100 440002
  1 0.005 3713.1 312.53
  2 0.015 3456.5 307.247
  3 0.025 6420.9 300.294
  4 0.035 5061.3 296.561
  5 0.045 6722.7 302.725
  6 0.055 5044.3 296.885
  7 0.065 6677.7 296.53
  8 0.075 5089.3 294.715
  9 0.085 6385.5 297.786
  10 0.095 5381.5 300.547
  11 0.105 5917.9 300.752
  12 0.115 4968.3 297.844
  13 0.125 3643.1 303.219
  14 0.135 3675.7 302.114
  15 0.145 3673 298.614
  16 0.155 3695 295.116
  17 0.165 6706 303.634
  18 0.175 5043 300.159
  19 0.185 6724 299.454
  20 0.195 5043 297.814
  21 0.205 6724 298.366
  22 0.215 5043 303.685
  23 0.225 6694.3 301.832
  24 0.235 5072.7 297.454
  25 0.245 6200.5 301.585
  26 0.255 4133.7 294.21
  27 0.265 3733.6 297.925
  28 0.275 3681.2 304.171
  29 0.285 3593.3 299.84
  30 0.295 4349.4 305.578
  31 0.305 6587.3 297.081
  32 0.315 5043 301.574
  33 0.325 6724 303.349
  34 0.335 5043 294.357
  35 0.345 6724 298.443
  36 0.355 5043 302.095
  37 0.365 6724 300.651
  38 0.375 5043 301.513
  39 0.385 6399.4 295.694
  40 0.395 3258.6 294.419
  41 0.405 5010.1 722.177
  42 0.415 5968.8 780.215
  43 0.425 185.1 5134.49
  44 0.435 0 0
  45 0.445 0 0
  46 0.455 0 0
  47 0.465 0 0
  48 0.475 0.3 0
  49 0.485 0.4 0
  50 0.495 0.3 0
  51 0.505 0 0
  52 0.515 0 0
  53 0.525 0 0
  54 0.535 0 0
  55 0.545 0 0
  56 0.555 0 0
  57 0.565 0 0
  58 0.575 185.9 32705.8
  59 0.585 5910.2 1852.43
  60 0.595 5041.8 355.148
  61 0.605 3240.4 297.983
  62 0.615 6382.7 342.17
  63 0.625 5043.8 366113
  64 0.635 6724.2 86490.4
  65 0.645 5043.7 192489
  66 0.655 6724.3 61744.4
  67 0.665 5043 295.867
  68 0.675 6724 298.663
  69 0.685 5043 296.579
  70 0.695 6612.5 298.921
  71 0.705 4334.5 302.82
  72 0.715 3584.4 297.025
  73 0.725 3685 296.719
  74 0.735 3722 303.286
  75 0.745 4200.4 299.252
  76 0.755 6140.2 302.975
  77 0.765 5065.2 301.373
  78 0.775 6701.8 296.702
  79 0.785 5043 295.971
  80 0.795 6724 300.456
  81 0.805 5043 300.603
  82 0.815 6724 297.94
  83 0.825 5043 291.413
  84 0.835 6712.8 301.13
  85 0.845 3690.2 302.508
  86 0.855 3671 299.624
  87 0.865 3676 294.946
  88 0.875 3641.6 294.196
  89 0.885 5086.2 301.361
  90 0.895 5801.2 307.143
  91 0.905 5556.4 306.339
  92 0.915 6210.6 300.411
  93 0.925 5126.2 300.78
  94 0.935 6640.8 299.345
  95 0.945 5068.9 303.111
  96 0.955 6698.1 302.831
  97 0.965 5124.5 302.946
  98 0.975 6411.9 295.519
  99 0.985 3404.1 300.053
  100 0.995 3729.7 304.311
80 100 440002
  1 0.005 3715.4 309.653
  2 0.015 3454.1 307.366
  3 0.025 6419.6 299.724
  4 0.035 5063.6 296.145
  5 0.045 6721.8 302.581
  6 0.055 5045.2 297.371
  7 0.065 6663.7 295.772
  8 0.075 5103.3 295.404
  9 0.085 6326 297.78
  10 0.095 5441 299.787
  11 0.105 5878 300.772
  12 0.115 5003.2 298.064
  13 0.125 3646.8 303.905
  14 0.135 3677 300.986
  15 0.145 3673 298.801
  16 0.155 3684.9 294.686
  17 0.165 6716.1 302.977
  18 0.175 5043 300.179
  19 0.185 6724 300.025
  20 0.195 5043 297.76
  21 0.205 6723.3 297.829
  22 0.215 5043.7 304.335
  23 0.225 6657 301.934
  24 0.235 5110 297.565
  25 0.245 6085.5 301.689
  26 0.255 4232.5 293.918
  27 0.265 3745.1 297.679
  28 0.275 3684.2 303.584
  29 0.285 3586.2 299.503
  30 0.295 4301.8 305.947
  31 0.305 6643.7 296.912
  32 0.315 5043 300.703
  33 0.325 6724 303.072
  34 0.335 5043 294.996
  35 0.345 6724 298.231
  36 0.355 5043 302.971
  37 0.365 6724 300.307
  38 0.375 5043 301.478
  39 0.385 6283.7 296.775
  40 0.395 3335.9 294.491
  41 0.405 4985.9 792.552
  42 0.415 6020 711.186
  43 0.425 196.5 4711.88
  44 0.435 0 0
  45 0.445 0.3 0
  46 0.455 0.4 0
  47 0.465 0.3 0
  48 0.475 0 0
  49 0.485 0 0
  50 0.495 0 0
  51 0.505 0 0
  52 0.515 0 0
  53 0.525 0 0
  54 0.535 0 0
  55 0.545 0 0
  56 0.555 0 0
  57 0.565 0 0
  58 0.575 196.8 31457.7
  59 0.585 5981.3 1730.76
  60 0.595 4994.3 496.442
  61 0.605 3328.2 363.815
  62 0.615 6260.4 305.231
  63 0.625 5043 176691
  64 0.635 6723.7 258349
  65 0.645 5044.3 229960
  66 0.655 6724.3 60140.8
  67 0.665 5043.7 185378
  68 0.675 6724 298.17
  69 0.685 5043 296.295
  70 0.695 6668 299.127
  71 0.705 4285.4 302.504
  72 0.715 3580.8 296.622
  73 0.725 3693.4 297.696
  74 0.735 3735.9 302.476
  75 0.745 4283.8 299.488
  76 0.755 6031.7 302.728
  77 0.765 5110.6 300.542
  78 0.775 6656.4 296.584
  79 0.785 5046.5 296.179
  80 0.795 6720.5 301.17
  81 0.805 5043 300.231
  82 0.815 6724 297.834
  83 0.825 5043 291.269
  84 0.835 6717.3 300.917
  85 0.845 3686.7 303.625
  86 0.855 3670 299.272
  87 0.865 3677.2 294.353
  88 0.875 3644.4 295.16
  89 0.885 5138.9 301.55
  90 0.895 5744.5 307.347
  91 0.905 5653.4 305.66
  92 0.915 6113.6 300.336
  93 0.925 5153.7 300.993
  94 0.935 6613.3 299.233
  95 0.945 5074.3 304.182
  96 0.955 6692.7 302.469
  97 0.965 5128.3 303.489
  98 0.975 6409.7 295.399
  99 0.985 3404 299.702
  100 0.995 3727.3 304.366
90 100 440002
  1 0.005 3716 317.163
  2 0.015 3454.7 307.275
  3 0.025 6415.4 299.159
  4 0.035 5067.9 295.818
  5 0.045 6718.1 302.348
  6 0.055 5048.9 297.874
  7 0.065 6642.3 295.361
  8 0.075 5124.7 295.79
  9 0.085 6259 297.582
  10 0.095 5508 299.496
  11 0.105 5841 300.751
  12 0.115 5036.5 298.336
  13 0.125 3650.4 304.585
  14 0.135 3676.7 299.853
  15 0.145 3673.4 298.884
  16 0.155 3681.2 294.334
  17 0.165 6719.8 302.477
  18 0.175 5043 299.988
  19 0.185 6724 300.577
  20 0.195 5043 297.683
  21 0.205 6719.4 297.465
  22 0.215 5047.6 304.905
  23 0.225 6579.2 301.63
  24 0.235 5187.8 298.323
  25 0.245 5974.9 301.563
  26 0.255 4322 294.257
  27 0.265 3761.9 297.295
  28 0.275 3685.2 302.995
  29 0.285 3582.2 299.027
  30 0.295 4276.3 306.476
  31 0.305 6676.5 296.628
  32 0.315 5043 299.827
  33 0.325 6724 302.643
  34 0.335 5043 295.913
  35 0.345 6724 297.995
  36 0.355 5043 303.76
  37 0.365 6722.7 299.947
  38 0.375 5044.3 301.483
  39 0.385 6131.6 298.189
  40 0.395 3451 294.895
  41 0.405 4949 814.54
  42 0.415 6079.9 104506
  43 0.425 211.1 2.98296e+06
  44 0.435 0.4 0
  45 0.445 0 0
  46 0.455 0 0
  47 0.465 0 0
  48 0.475 0 0
  49 0.485 0 0
  50 0.495 0 0
  51 0.505 0 0
  52 0.515 0 0
  53 0.525 0 0
  54 0.535 0 0
  55 0.545 0 0
  56 0.555 0 0
  57 0.565 0.2 0
  58 0.575 212.7 32173
  59 0.585 6032.4 1354.97
  60 0.595 4955 838.964
  61 0.605 3484.1 365.155
  62 0.615 6076.6 301.016
  63 0.625 5047.7 176530
  64 0.635 6718.3 302.311
  65 0.645 5044.5 288806
  66 0.655 6724.5 216770
  67 0.665 5043 296.585
  68 0.675 6724.6 120055
  69 0.685 5043.4 106848
  70 0.695 6697.3 299.258
  71 0.705 4261.5 301.977
  72 0.715 3580 296.396
  73 0.725 3695.7 298.302
  74 0.735 3746.8 302.478
  75 0.745 4391.1 299.368
  76 0.755 5906.6 302.386
  77 0.765 5212.1 299.818
  78 0.775 6554.9 296.307
  79 0.785 5059.4 296.514
  80 0.795 6707.6 301.925
  81 0.805 5043 299.988
  82 0.815 6724 297.674
  83 0.825 5043.8 291.372
  84 0.835 6719.9 300.832
  85 0.845 3683.3 304.444
  86 0.855 3670 298.949
  87 0.865 3678 293.859
  88 0.875 3645 296.368
  89 0.885 5192.1 301.397
  90 0.895 5689.9 307.566
  91 0.905 5754.2 304.728
  92 0.915 6012.8 300.498
  93 0.925 5187.2 301.195
  94 0.935 6579.8 299.044
  95 0.945 5080.4 304.945
  96 0.955 6686.6 302.312
  97 0.965 5134.8 304.005
  98 0.975 6403.6 295.448
  99 0.985 3404 299.465
  100 0.995 3725.6 307.733
100 100 440002
  1 0.005 3711.7 301.882
  2 0.015 3455.6 306.921
  3 0.025 6414.1 298.747
  4 0.035 5071.2 295.495
  5 0.045 6713.2 302.066
  6 0.055 5053.8 298.341
  7 0.065 6611.8 294.973
  8 0.075 5155.2 296.303
  9 0.085 6189.6 297.463
  10 0.095 5577.4 299.379
  11 0.105 5789.5 300.815
  12 0.115 5084.4 298.583
  13 0.125 3653.1 305.018
  14 0.135 3677 298.907
  15 0.145 3673.6 298.835
  16 0.155 3679.1 294.335
  17 0.165 6722.2 302.02
  18 0.175 5043.1 299.601
  19 0.185 6724 301.072
  20 0.195 5043 297.574
  21 0.205 6710.8 297.197
  22 0.215 5056.2 305.469
  23 0.225 6466.2 301.93
  24 0.235 5300.8 298.396
  25 0.245 5868.7 301.504
  26 0.255 4404.9 294.191
  27 0.265 3780.2 297.542
  28 0.275 3688.1 302.445
  29 0.285 3579.6 298.623
  30 0.295 4258 307.172
  31 0.305 6699.5 296.14
  32 0.315 5043 298.999
  33 0.325 6724 302.093
  34 0.335 5043 297.058
  35 0.345 6723.9 297.722
  36 0.355 5043.1 304.452
  37 0.365 6707.4 299.636
  38 0.375 5059.6 301.479
  39 0.385 5921.9 106806
  40 0.395 3634.5 173811
  41 0.405 4896.1 172546
  42 0.415 6142.9 895.723
  43 0.425 227.6 6657.18
  44 0.435 0 0
  45 0.445 0 0
  46 0.455 0 0
  47 0.465 0 0
  48 0.475 0 0
  49 0.485 0 0
  50 0.495 0 0
  51 0.505 0 0
  52 0.515 0 0
  53 0.525 0 0
  54 0.535 0 0
  55 0.545 0 0
  56 0.555 0 0
  57 0.565 1 0
  58 0.575 226.2 24206.1
  59 0.585 6088.8 1440.03
  60 0.595 4916 840.846
  61 0.605 3666.9 358.215
  62 0.615 5862.1 300.216
  63 0.625 5068.6 175815
  64 0.635 6697.4 302.088
  65 0.645 5044.1 616.797
  66 0.655 6724.2 160295
  67 0.665 5043.7 502063
  68 0.675 6724 298.496
  69 0.685 5043.3 79748.1
  70 0.695 6713.5 119331
  71 0.705 4253.6 31627
  72 0.715 3576.4 296.833
  73 0.725 3703.8 298.742
  74 0.735 3757.6 302.606
  75 0.745 4474.8 298.699
  76 0.755 5800 302.215
  77 0.765 5367.8 299.37
  78 0.775 6399.2 295.766
  79 0.785 5080.8 297.114
  80 0.795 6686.2 302.555
  81 0.805 5043 299.881
  82 0.815 6724 297.488
  83 0.825 5044 291.7
  84 0.835 6722.3 300.582
  85 0.845 3680.7 305.448
  86 0.855 3670 298.606
  87 0.865 3678 293.303
  88 0.875 3647.5 297.777
  89 0.885 5250.2 301.099
  90 0.895 5629.3 307.702
  91 0.905 5856 304.122
  92 0.915 5911 300.383
  93 0.925 5228.5 301.528
  94 0.935 6538.5 298.648
  95 0.945 5083.2 305.493
  96 0.955 6683.8 302.274
  97 0.965 5139 304.101
  98 0.975 6400.2 296.057
  99 0.985 3406 299.376
  100 0.995 3724.2 314.659
110 100 440002
  1 0.005 3714 314.341
  2 0.015 3455.9 306.607
  3 0.025 6411.6 298.484
  4 0.035 5074.4 295.137
  5 0.045 6708.8 301.717
  6 0.055 5058.2 298.792
  7 0.065 6577 294.606
  8 0.075 5190 296.937
  9 0.085 6114.1 297.491
  10 0.095 5652.9 299.356
  11 0.105 5737.3 300.252
  12 0.115 5131.2 299.663
  13 0.125 3658.5 305.406
  14 0.135 3677 297.841
  15 0.145 3673 298.691
  16 0.155 3679 294.518
  17 0.165 6721.2 301.716
  18 0.175 5044.8 299.04
  19 0.185 6722.9 301.464
  20 0.195 5044.1 297.436
  21 0.205 6690.8 297.399
  22 0.215 5076.2 305.492
  23 0.225 6299.9 301.494
  24 0.235 5467.1 299.402
  25 0.245 5772.4 301.144
  26 0.255 4475.4 294.622
  27 0.265 3788.4 298.303
  28 0.275 3701.3 301.305
  29 0.285 3574 298.482
  30 0.295 4252.2 307.308
  31 0.305 6715.3 295.96
  32 0.315 5043 298.271
  33 0.325 6724 301.459
  34 0.335 5043 298.362
  35 0.345 6719.9 297.365
  36 0.355 5047.4 125325
  37 0.365 6645.6 95230.7
  38 0.375 5122.1 164519
  39 0.385 5683.1 301.213
  40 0.395 3846.1 294.698
  41 0.405 4844.9 782.672
  42 0.415 6206.4 1617.39
  43 0.425 241.5 9401.56
  44 0.435 0 0
  45 0.445 0 0
  46 0.455 0 0
  47 0.465 0 0
  48 0.475 0 0
  49 0.485 0 0
  50 0.495 0 0
  51 0.505 0 0
  52 0.515 0 0
  53 0.525 0 0
  54 0.535 0 0
  55 0.545 0 0
  56 0.555 0 0
  57 0.565 1 0
  58 0.575 235.9 25405.9
  59 0.585 6135.9 1384.27
  60 0.595 4887.8 859.272
  61 0.605 3871.7 347.349
  62 0.615 5628.7 300.435
  63 0.625 5162 172647
  64 0.635 6604 301.338
  65 0.645 5052.1 615.92
  66 0.655 6715.9 4814.01
  67 0.665 5043 298.024
  68 0.675 6724.7 376399
  69 0.685 5043.4 215223
  70 0.695 6723 299.642
  71 0.705 4249 188467
  72 0.715 3579.7 149528
  73 0.725 3712.1 299.163
  74 0.735 3782.5 302.543
  75 0.745 4528.3 297.953
  76 0.755 5705.3 302.167
  77 0.765 5581.2 299.092
  78 0.775 6185.8 295.063
  79 0.785 5124.6 297.67
  80 0.795 6642.4 303.248
  81 0.805 5045.3 299.994
  82 0.815 6721.7 297.235
  83 0.825 5044 292.206
  84 0.835 6723 300.366
  85 0.845 3680.7 306.168
  86 0.855 3669.3 298.31
  87 0.865 3678.6 292.865
  88 0.875 3654 299.047
  89 0.885 5292.4 300.849
  90 0.895 5580 307.611
  91 0.905 5966.6 303.255
  92 0.915 5800.4 300.594
  93 0.925 5265.6 301.245
  94 0.935 6501.4 298.636
  95 0.945 5086.3 305.68
  96 0.955 6680.7 302.454
  97 0.965 5147 304.368
  98 0.975 6392 296.709
  99 0.985 3406.5 299.31
  100 0.995 3720.6 299.382
120 100 440002
  1 0.005 3712.3 305.901
  2 0.015 3455 306.066
  3 0.025 6409.4 298.401
  4 0.035 5078.1 294.844
  5 0.045 6706 301.24
  6 0.055 5061 299.314
  7 0.065 6541.4 293.974
  8 0.075 5225.6 298.052
  9 0.085 6039.5 297.608
  10 0.095 5727.5 299.494
  11 0.105 5683.9 299.685
  12 0.115 5178.6 300.776
  13 0.125 3664.5 305.588
  14 0.135 3677 296.913
  15 0.145 3673 298.524
  16 0.155 3678.1 294.852
  17 0.165 6721.7 301.561
  18 0.175 5045.2 298.321
  19 0.185 6715.8 301.716
  20 0.195 5051.2 297.272
  21 0.205 6638.2 297.668
  22 0.215 5128.8 305.433
  23 0.225 6079.8 301.705
  24 0.235 5687.2 299.623
  25 0.245 5670.2 301.169
  26 0.255 4548.9 294.658
  27 0.265 3797.6 298.854
  28 0.275 3714.3 300.912
  29 0.285 3575.4 298.019
  30 0.295 4251.8 307.568
  31 0.305 6720.8 295.715
  32 0.315 5043 297.69
  33 0.325 6722.5 94376
  34 0.335 5045.1 125659
  35 0.345 6702.1 126104
  36 0.355 5065.3 305.623
  37 0.365 6420.9 299.198
  38 0.375 5346.1 301.45
  39 0.385 5453.5 302.191
  40 0.395 4047.3 295.637
  41 0.405 4799.6 46426.3
  42 0.415 6266.7 41330.7
  43 0.425 254.9 1.56836e+06
  44 0.435 0 0
  45 0.445 0 0
  46 0.455 0 0
  47 0.465 0 0
  48 0.475 0 0
  49 0.485 0 0
  50 0.495 0 0
  51 0.505 0 0
  52 0.515 0 0
  53 0.525 0 0
  54 0.535 0 0
  55 0.545 0 0
  56 0.555 0 0
  57 0.565 1 0
  58 0.575 250.1 29495.5
  59 0.585 6191 1260.73
  60 0.595 4843.6 839.178
  61 0.605 4056.7 340.558
  62 0.615 5418.6 300.308
  63 0.625 5425.2 164288
  64 0.635 6340.8 300.729
  65 0.645 5091.4 615.076
  66 0.655 6676.6 4836.23
  67 0.665 5046.6 298.566
  68 0.675 6720.4 298.31
  69 0.685 5044.4 289620
  70 0.695 6723.6 326328
  71 0.705 4256.5 299.584
  72 0.715 3581.5 76122.6
  73 0.725 3723.1 255504
  74 0.735 3800.6 36013.5
  75 0.745 4582.1 297.392
  76 0.755 5612.2 302.167
  77 0.765 5822.8 298.098
  78 0.775 5944.2 295.113
  79 0.785 5219.6 298.051
  80 0.795 6547.4 304.088
  81 0.805 5051 300.184
  82 0.815 6716 297.035
  83 0.825 5047.1 292.823
  84 0.835 6719.9 300.215
  85 0.845 3682 306.654
  86 0.855 3668 297.978
  87 0.865 3681.1 292.517
  88 0.875 3661.5 300.448
  89 0.885 5328.8 300.696
  90 0.895 5533.6 307.073
  91 0.905 6063.3 302.793
  92 0.915 5703.7 300.505
  93 0.925 5317.7 301.291
  94 0.935 6449.3 298.246
  95 0.945 5098.8 305.404
  96 0.955 6668.2 302.919
  97 0.965 5154.6 304.428
  98 0.975 6384.4 297.651
  99 0.985 3407 299.49
  100 0.995 3721.2 316.147
130 100 440002
  1 0.005 3714.8 312.185
  2 0.015 3451.1 305.526
  3 0.025 6408.3 298.348
  4 0.035 5082.8 294.835
  5 0.045 6698.2 300.801
  6 0.055 5068.8 299.711
  7 0.065 6496 293.553
  8 0.075 5271 299
  9 0.085 5956 298.04
  10 0.095 5811 299.485
  11 0.105 5620 299.534
  12 0.115 5233.9 301.479
  13 0.125 3672.5 305.521
  14 0.135 3676.4 296.12
  15 0.145 3674.2 298.335
  16 0.155 3678 295.268
  17 0.165 6717.5 301.465
  18 0.175 5049.5 297.676
  19 0.185 6707 301.841
  20 0.195 5060 297.028
  21 0.205 6535 298.178
  22 0.215 5232 305.022
  23 0.225 5852.9 301.264
  24 0.235 5914.1 300.438
  25 0.245 5581.8 300.92
  26 0.255 4601.1 295.351
  27 0.265 3810.1 299.548
  28 0.275 3725.3 300.741
  29 0.285 3581 297.331
  30 0.295 4257.1 148726
  31 0.305 6723.2 94276.2
  32 0.315 5043.3 125580
  33 0.325 6711.8 31690.1
  34 0.335 5055.3 301.138
  35 0.345 6616.7 33416
  36 0.355 5150.6 85373.6
  37 0.365 6006.6 36771.7
  38 0.375 5760.7 76360
  39 0.385 5276.5 83340
  40 0.395 4194.9 52517
  41 0.405 4756.5 46789.7
  42 0.415 6316.3 1003.13
  43 0.425 276 1.07845e+06
  44 0.435 0.3 0
  45 0.445 0.2 0
  46 0.455 0.2 0
  47 0.465 0.2 0
  48 0.475 0.2 0
  49 0.485 0.1 0
  50 0.495 0 0
  51 0.505 0 0
  52 0.515 0 0
  53 0.525 0 0
  54 0.535 0 0
  55 0.545 0 0
  56 0.555 0 0
  57 0.565 1.4 387628
  58 0.575 267.8 28471
  59 0.585 6243 1250.29
  60 0.595 4797.3 881.46
  61 0.605 4205.5 343.246
  62 0.615 5246 300.016
  63 0.625 5883.9 151502
  64 0.635 5882.1 301.207
  65 0.645 5202 610.676
  66 0.655 6566 4909.82
  67 0.665 5066.9 299.255
  68 0.675 6700.1 298.227
  69 0.685 5046.8 321.885
  70 0.695 6720.2 299.995
  71 0.705 4264.1 599496
  72 0.715 3592 305098
  73 0.725 3726.5 300.402
  74 0.735 3822.9 177765
  75 0.745 4620.2 140426
  76 0.755 5531.3 302
  77 0.765 6067.7 296.782
  78 0.775 5699.3 295.766
  79 0.785 5366.1 299.726
  80 0.795 6400.9 303.799
  81 0.805 5076.4 300.528
  82 0.815 6690.6 296.824
  83 0.825 5054.6 293.506
  84 0.835 6712.4 300.134
  85 0.845 3684.4 306.869
  86 0.855 3665.6 297.643
  87 0.865 3683.2 292.21
  88 0.875 3669.1 301.868
  89 0.885 5381.3 300.742
  90 0.895 5471.4 306.084
  91 0.905 6146.1 302.115
  92 0.915 5620.9 300.775
  93 0.925 5375.3 301.325
  94 0.935 6391.7 297.76
  95 0.945 5119.3 305.189
  96 0.955 6647.7 303.27
  97 0.965 5159.3 304.501
  98 0.975 6379.7 298.687
  99 0.985 3408.1 299.899
  100 0.995 3717.9 299.44
140 100 440002
  1 0.005 3717.7 305.22
  2 0.015 3449.4 304.956
  3 0.025 6407.4 298.495
  4 0.035 5085.3 295.035
  5 0.045 6689.6 300.42
  6 0.055 5077.4 299.972
  7 0.065 6449 293.91
  8 0.075 5318 299.069
  9 0.085 5875.5 298.731
  10 0.095 5891.5 299.366
  11 0.105 5568.8 299.261
  12 0.115 5270.2 302.444
  13 0.125 3687 305.005
  14 0.135 3676 295.605
  15 0.145 3674.1 298.092
  16 0.155 3678.9 295.707
  17 0.165 6708.2 301.6
  18 0.175 5058.8 296.926
  19 0.185 6670.1 301.686
  20 0.195 5096.9 296.914
  21 0.205 6361.2 298.77
  22 0.215 5405.8 304.437
  23 0.225 5629.3 300.749
  24 0.235 6137.7 301.139
  25 0.245 5499.9 300.5
  26 0.255 4634.8 296.631
  27 0.265 3826.3 160771
  28 0.275 3736.9 169425
  29 0.285 3598.1 297790
  30 0.295 4260.3 101212
  31 0.305 6718.9 65554.8
  32 0.315 5048.4 43723.3
  33 0.325 6673.9 65999.2
  34 0.335 5093.5 86382.8
  35 0.345 6372.6 295.644
  36 0.355 5394.4 306.192
  37 0.365 5529.7 299.158
  38 0.375 6237.3 301.232
  39 0.385 5167.1 301.794
  40 0.395 4283.1 298.806
  41 0.405 4699.8 754.074
  42 0.415 6375.3 557676
  43 0.425 293.7 6748.08
  44 0.435 0.8 0
  45 0.445 0.2 0
  46 0.455 0 0
  47 0.465 0 0
  48 0.475 0 0
  49 0.485 0 0
  50 0.495 0.2 0
  51 0.505 0.2 0
  52 0.515 0.2 0
  53 0.525 0.2 0
  54 0.535 0.1 0
  55 0.545 0.1 0
  56 0.555 0 0
  57 0.565 2 678349
  58 0.575 278 26374.9
  59 0.585 6294.1 1245
  60 0.595 4758.6 938.714
  61 0.605 4282.4 347.933
  62 0.615 5145.9 300.724
  63 0.625 6327.1 140908
  64 0.635 5438.9 301.915
  65 0.645 5534.7 590.948
  66 0.655 6233.3 5152.08
  67 0.665 5126.1 300.031
  68 0.675 6640.9 298.114
  69 0.685 5063.8 320.041
  70 0.695 6703.2 300.104
  71 0.705 4267.3 298.769
  72 0.715 3604.2 409425
  73 0.725 3733.7 602681
  74 0.735 3850.8 302.793
  75 0.745 4642.7 31115.5
  76 0.755 5458 83955.8
  77 0.765 6285.1 36625.5
  78 0.775 5482.2 296.72
  79 0.785 5572.5 301.34
  80 0.795 6194.5 303.351
  81 0.805 5125.6 300.714
  82 0.815 6641.4 296.824
  83 0.825 5066.1 294.462
  84 0.835 6700.9 299.945
  85 0.845 3688.8 306.777
  86 0.855 3661.2 297.362
  87 0.865 3685.9 291.994
  88 0.875 3675.9 302.52
  89 0.885 5419.1 300.395
  90 0.895 5424.1 305.727
  91 0.905 6231.1 301.895
  92 0.915 5535.9 300.694
  93 0.925 5437.4 300.769
  94 0.935 6329.6 297.681
  95 0.945 5136.5 304.783
  96 0.955 6630.5 303.709
  97 0.965 5164.2 304.549
  98 0.975 6375.9 299.782
  99 0.985 3407.4 300.342
  100 0.995 3714.7 299.662
150 100 440002
  1 0.005 3717.6 317.9
  2 0.015 3449.4 304.224
  3 0.025 6406.4 298.924
  4 0.035 5087.7 295.332
  5 0.045 6683.9 299.928
  6 0.055 5083.1 300.342
  7 0.065 6399.1 294.55
  8 0.075 5367.9 298.87
  9 0.085 5792.3 299.227
  10 0.095 5974.7 299.535
  11 0.105 5516.3 298.659
  12 0.115 5312.8 303.803
  13 0.125 3696.4 304.119
  14 0.135 3676.5 295.261
  15 0.145 3674 297.879
  16 0.155 3679 296.139
  17 0.165 6689.3 302.059
  18 0.175 5077.7 296.005
  19 0.185 6610.4 301.252
  20 0.195 5156.6 296.949
  21 0.205 6125.4 299.574
  22 0.215 5641.7 39812.6
  23 0.225 5420.1 83095.4
  24 0.235 6347.4 91211.7
  25 0.245 5425.3 213218
  26 0.255 4654.6 162315
  27 0.265 3856.8 177003
  28 0.275 3743 61088.4
  29 0.285 3614 297.101
  30 0.295 4262.7 307.223
  31 0.305 6687.8 295.571
  32 0.315 5079.2 296.942
  33 0.325 6563.6 299.091
  34 0.335 5203.4 303.343
  35 0.345 5917.9 295.534
  36 0.355 5849.1 305.075
  37 0.365 5208.2 298.361
  38 0.375 6559 158105
  39 0.385 5103.1 302209
  40 0.395 4331.2 355982
  41 0.405 4651 221577
  42 0.415 6419.5 524.93
  43 0.425 312.3 2.3143e+07
  44 0.435 1.7 1.64149e+09
  45 0.445 0.9 0
  46 0.455 0.1 0
  47 0.465 0 0
  48 0.475 0 0
  49 0.485 0 0
  50 0.495 0 0
  51 0.505 0 0
  52 0.515 0 0
  53 0.525 0 0
  54 0.535 0 0
  55 0.545 0.1 0
  56 0.555 0.2 0
  57 0.565 2.7 6.82588e+07
  58 0.575 296.1 472385
  59 0.585 6330.2 43128.2
  60 0.595 4728.7 57140.8
  61 0.605 4310.4 391.925
  62 0.615 5093.6 300.919
  63 0.625 6605.6 134977
  64 0.635 5160.4 302.271
  65 0.645 6020.7 565.387
  66 0.655 5747.3 5560.37
  67 0.665 5289.6 300.423
  68 0.675 6477.4 298.277
  69 0.685 5126.9 318.293
  70 0.695 6640.1 300.039
  71 0.705 4270.5 298.605
  72 0.715 3624.8 651.022
  73 0.725 3734.6 10363.2
  74 0.735 3887.4 796923
  75 0.745 4664.3 299242
  76 0.755 5374.4 302.074
  77 0.765 6449.5 35714.5
  78 0.775 5318.4 86204.1
  79 0.785 5828.2 13368.7
  80 0.795 5938.9 303.406
  81 0.805 5209.1 300.342
  82 0.815 6557.9 297.336
  83 0.825 5085.4 295.493
  84 0.835 6681.6 299.786
  85 0.845 3690.4 306.401
  86 0.855 3660.6 297.093
  87 0.865 3689.7 291.863
  88 0.875 3684.3 303.002
  89 0.885 5450.5 300.127
  90 0.895 5379.5 305.232
  91 0.905 6315.8 301.76
  92 0.915 5451.2 300.649
  93 0.925 5522.2 300.237
  94 0.935 6244.8 297.535
  95 0.945 5155.4 304.523
  96 0.955 6611.6 303.98
  97 0.965 5173.9 304.575
  98 0.975 6367.5 300.87
  99 0.985 3405.9 300.705
  100 0.995 3713.6 307.451
160 100 440002
  1 0.005 3714.4 303.232
  2 0.015 3450.4 303.376
  3 0.025 6403.6 299.422
  4 0.035 5091.3 295.846
  5 0.045 6675.6 299.557
  6 0.055 5091.4 300.542
  7 0.065 6338.5 295.011
  8 0.075 5428.5 298.904
  9 0.085 5704.4 299.807
  10 0.095 6062.6 299.723
  11 0.105 5475 297.928
  12 0.115 5347.8 305.023
  13 0.125 3701.9 303.289
  14 0.135 3677.3 295.131
  15 0.145 3672.8 297.653
  16 0.155 3680.4 120582
  17 0.165 6665.7 33514.3
  18 0.175 5101.6 87081.4
  19 0.185 6501.7 34349.7
  20 0.195 5265.6 84381.1
  21 0.205 5846.4 106073
  22 0.215 5921.2 89279.5
  23 0.225 5265.1 133710
  24 0.235 6502.5 54308
  25 0.245 5355.5 300.542
  26 0.255 4653.5 3920.7
  27 0.265 3897 10393.9
  28 0.275 3755.9 1331.76
  29 0.285 3627.8 1009.08
  30 0.295 4265.3 306.64
  31 0.305 6606 296.171
  32 0.315 5161 296.602
  33 0.325 6300.2 298.956
  34 0.335 5466.9 97130.9
  35 0.345 5459.5 194218
  36 0.355 6308 252063
  37 0.365 5083.3 312709
  38 0.375 6684.1 79881.8
  39 0.385 5067.8 301.1
  40 0.395 4349.4 301.478
  41 0.405 4588.1 727.455
  42 0.415 6474.7 523.619
  43 0.425 335 4745.18
  44 0.435 1.4 1.31812e+09
  45 0.445 1.2 2.03553e+09
  46 0.455 1.3 2.24777e+08
  47 0.465 0.1 0
  48 0.475 0 0
  49 0.485 0 0
  50 0.495 0 0
  51 0.505 0 0
  52 0.515 0 0
  53 0.525 0 0
  54 0.535 0 0
  55 0.545 0 0
  56 0.555 0.6 0
  57 0.565 2.4 378931
  58 0.575 311.2 23677.1
  59 0.585 6381.5 959.978
  60 0.595 4675.2 1054.8
  61 0.605 4326.7 62344.6
  62 0.615 5063.8 53384.4
  63 0.625 6707.3 152973
  64 0.635 5059 53435.4
  65 0.645 6428 44236.5
  66 0.655 5340.3 31758.2
  67 0.665 5591.5 300.771
  68 0.675 6175.5 298.414
  69 0.685 5232.8 316.664
  70 0.695 6534.2 299.937
  71 0.705 4273.8 298.975
  72 0.715 3638.6 642.077
  73 0.725 3747.4 10324.1
  74 0.735 3919.7 303.416
  75 0.745 4680.1 298258
  76 0.755 5296.3 501627
  77 0.765 6575.7 67690.4
  78 0.775 5191.4 297.995
  79 0.785 6091.1 63176.8
  80 0.795 5676.9 67922.2
  81 0.805 5353.9 300.57
  82 0.815 6413.1 297.418
  83 0.825 5118.6 296.659
  84 0.835 6648.4 299.585
  85 0.845 3692.3 305.675
  86 0.855 3660.2 296.996
  87 0.865 3693.5 291.922
  88 0.875 3690 302.949
  89 0.885 5487.3 299.721
  90 0.895 5331.7 305.032
  91 0.905 6394.2 302.186
  92 0.915 5372.8 300.069
  93 0.925 5613.9 299.947
  94 0.935 6153.1 297.15
  95 0.945 5182 303.967
  96 0.955 6585 304.426
  97 0.965 5180.7 304.725
  98 0.975 6361.3 301.748
  99 0.985 3405.6 301.085
  100 0.995 3714.7 306.295
170 100 440002
  1 0.005 3711.9 301.135
  2 0.015 3452.9 302.354
  3 0.025 6397.5 299.927
  4 0.035 5097.5 296.741
  5 0.045 6663.1 299.123
  6 0.055 5103.9 300.831
  7 0.065 6290.1 295.362
  8 0.075 5476.9 299.057
  9 0.085 5605.6 39802.2
  10 0.095 6161.7 72165.9
  11 0.105 5431.3 41062.2
  12 0.115 5385.7 82526
  13 0.125 3705.6 242746
  14 0.135 3679.6 304389
  15 0.145 3671.5 244759
  16 0.155 3682.4 183919
  17 0.165 6624.6 102386
  18 0.175 5142.7 263287
  19 0.185 6343.3 106910
  20 0.195 5423.9 124976
  21 0.205 5556.7 80148.2
  22 0.215 6210.2 53242.5
  23 0.225 5152.4 21566.5
  24 0.235 6614.8 302.557
  25 0.245 5292 300.372
  26 0.255 4652.2 12377.8
  27 0.265 3926.4 303.853
  28 0.275 3770.6 301.326
  29 0.285 3638.2 2074.64
  30 0.295 4275.6 305.942
  31 0.305 6437.7 164747
  32 0.315 5329.8 298228
  33 0.325 5922.8 268403
  34 0.335 5844.7 181429
  35 0.345 5197.7 296.309
  36 0.355 6569.3 302.479
  37 0.365 5050.1 298.17
  38 0.375 6716.9 654.051
  39 0.385 5050.3 300.119
  40 0.395 4352.4 302.374
  41 0.405 4541.3 742.558
  42 0.415 6521.5 526.771
  43 0.425 349.5 4368.03
  44 0.435 1 0
  45 0.445 0 0
  46 0.455 0.8 1.01777e+09
  47 0.465 1.8 9.28984e+08
  48 0.475 0.4 0
  49 0.485 0 0
  50 0.495 0 0
  51 0.505 0 0
  52 0.515 0 0
  53 0.525 0 0
  54 0.535 0 0
  55 0.545 0 0
  56 0.555 1 0
  57 0.565 2.4 252099
  58 0.575 325.6 21732.5
  59 0.585 6445.3 898.354
  60 0.595 4615.9 1088.12
  61 0.605 4321.5 553.389
  62 0.615 5049.3 300.634
  63 0.625 6722.7 132631
  64 0.635 5043.3 301.71
  65 0.645 6641.3 5063.36
  66 0.655 5126.8 33865.2
  67 0.665 6006.3 27926.1
  68 0.675 5761 57899.8
  69 0.685 5404.3 31016.3
  70 0.695 6363 52452.5
  71 0.705 4276.7 77889.1
  72 0.715 3651.8 46070.2
  73 0.725 3760.6 10286.4
  74 0.735 3959.6 302.577
  75 0.745 4676.3 14609.1
  76 0.755 5230.3 301.035
  77 0.765 6651.7 333960
  78 0.775 5116.3 434055
  79 0.785 6309.9 306.454
  80 0.795 5457.2 14385.4
  81 0.805 5531.3 83737
  82 0.815 6236.6 37480
  83 0.825 5166.9 297.459
  84 0.835 6600.1 299.702
  85 0.845 3695.2 304.826
  86 0.855 3658.9 297.09
  87 0.865 3696.1 291.786
  88 0.875 3698.2 302.625
  89 0.885 5518.3 299.822
  90 0.895 5288.3 304.503
  91 0.905 6471.3 302.631
  92 0.915 5295.7 299.559
  93 0.925 5696.2 299.604
  94 0.935 6070.8 296.819
  95 0.945 5205.8 303.278
  96 0.955 6561.2 304.925
  97 0.965 5189.2 305.114
  98 0.975 6352.8 302.204
  99 0.985 3409.1 301.473
  100 0.995 3711.1 302.837
180 100 440002
  1 0.005 3710.4 317.595
  2 0.015 3455.7 64456.3
  3 0.025 6392.1 34985.8
  4 0.035 5101.9 87210.6
  5 0.045 6651.2 135560
  6 0.055 5116.3 219472
  7 0.065 6234.9 144588
  8 0.075 5532.6 202957
  9 0.085 5531.6 245413
  10 0.095 6235.7 109019
  11 0.105 5388.3 126111
  12 0.115 5415.1 125498
  13 0.125 3715.7 308.11
  14 0.135 3682.1 295.661
  15 0.145 3668.6 297.494
  16 0.155 3685.4 296.61
  17 0.165 6557.2 304.215
  18 0.175 5209.8 294.093
  19 0.185 6151.5 300.095
  20 0.195 5615.5 295.938
  21 0.205 5349.1 313.747
  22 0.215 6416.9 309.309
  23 0.225 5090.1 43351.7
  24 0.235 6677.8 41326.3
  25 0.245 5222.4 10791
  26 0.255 4652.9 12371.3
  27 0.265 3957.7 134576
  28 0.275 3786.3 421552
  29 0.285 3650.4 438995
  30 0.295 4286.4 372170
  31 0.305 6195.8 297.203
  32 0.315 5571.2 297.393
  33 0.325 5535.4 299.319
  34 0.335 6231.6 303.385
  35 0.345 5078.8 296.344
  36 0.355 6688.2 301.771
  37 0.365 5043.7 298.639
  38 0.375 6723.3 650.251
  39 0.385 5047 299.179
  40 0.395 4339.5 301.859
  41 0.405 4493.6 743.702
  42 0.415 6570.1 521.057
  43 0.425 364.8 4159.3
  44 0.435 1 0
  45 0.445 0 0
  46 0.455 0 0
  47 0.465 0.3 0
  48 0.475 1.9 1.55798e+09
  49 0.485 0.5 0
  50 0.495 0.3 0
  51 0.505 0 0
  52 0.515 0 0
  53 0.525 0 0
  54 0.535 0 0
  55 0.545 0 0
  56 0.555 1 0
  57 0.565 3.1 361450
  58 0.575 345.9 17977.8
  59 0.585 6488.9 848.588
  60 0.595 4572.3 1044.31
  61 0.605 4306.1 547.343
  62 0.615 5043.7 302.583
  63 0.625 6724 132605
  64 0.635 5042 301.101
  65 0.645 6710.6 5454.35
  66 0.655 5057.4 921.465
  67 0.665 6370.6 301.201
  68 0.675 5396.4 298.64
  69 0.685 5622.6 313.933
  70 0.695 6144.4 299.717
  71 0.705 4280.6 299.445
  72 0.715 3662.5 627.065
  73 0.725 3773.4 98194.5
  74 0.735 3995.1 83348.6
  75 0.745 4664.7 50217.2
  76 0.755 5179.4 64363.6
  77 0.765 6698.6 25062
  78 0.775 5068.8 153247
  79 0.785 6494.2 410007
  80 0.795 5273.7 252624
  81 0.805 5719 301.414
  82 0.815 6048.3 39807
  83 0.825 5239.9 106451
  84 0.835 6527.8 300.455
  85 0.845 3698.3 303.844
  86 0.855 3657.9 297.255
  87 0.865 3699.8 291.782
  88 0.875 3707.2 302.062
  89 0.885 5544.2 299.439
  90 0.895 5247.6 304.664
  91 0.905 6530.4 303.001
  92 0.915 5236.6 299.229
  93 0.925 5776 298.702
  94 0.935 5991 297.063
  95 0.945 5225.7 302.753
  96 0.955 6541.3 305.252
  97 0.965 5196.4 305.419
  98 0.975 6343.4 302.416
  99 0.985 3414.4 302.041
  100 0.995 3708.1 313.496
190 100 440001
  1 0.005 3712.1 60058
  2 0.015 3455.4 64478.3
  3 0.025 6385.3 301.461
  4 0.035 5107.7 298.354
  5 0.045 6638 298.979
  6 0.055 5129 300.566
  7 0.065 6167.5 296.567
  8 0.075 5599.5 298.76
  9 0.085 5461.7 301.019
  10 0.095 6305.3 300.763
  11 0.105 5343.5 295.211
  12 0.115 5442.5 307.699
  13 0.125 3726.5 307.194
  14 0.135 3688.5 296.173
  15 0.145 3667 297.391
  16 0.155 3687 296.366
  17 0.165 6468.3 305.104
  18 0.175 5298.7 293.915
  19 0.185 5926.7 299.703
  20 0.195 5840.3 295.5
  21 0.205 5200.1 316.07
  22 0.215 6565.9 306.621
  23 0.225 5057.4 299.079
  24 0.235 6709.9 237819
  25 0.245 5162.1 362079
  26 0.255 4649.6 300811
  27 0.265 3984.8 266889
  28 0.275 3804.8 300.276
  29 0.285 3660.1 2064.5
  30 0.295 4295.3 309.697
  31 0.305 5953.5 297.672
  32 0.315 5813.5 298.106
  33 0.325 5237.3 298.679
  34 0.335 6529.7 303.878
  35 0.345 5048.9 296.138
  36 0.355 6718.1 301.333
  37 0.365 5043 299.12
  38 0.375 6724 649.295
  39 0.385 5046.1 298.491
  40 0.395 4327.5 301.764
  41 0.405 4433.5 742.073
  42 0.415 6620.9 510.327
  43 0.425 387 3907.95
  44 0.435 1 0
  45 0.445 0 0
  46 0.455 0 0
  47 0.465 0 0
  48 0.475 0 0
  49 0.485 1.6 1.48144e+09
  50 0.495 0.6 0
  51 0.505 0.6 0
  52 0.515 0.2 0
  53 0.525 0 0
  54 0.535 0 0
  55 0.545 0 0
  56 0.555 1 0
  57 0.565 4 300335
  58 0.575 371.4 15243.6
  59 0.585 6529.3 841.666
  60 0.595 4521.6 1055.54
  61 0.605 4290.7 541.419
  62 0.615 5043 305.296
  63 0.625 6724 132610
  64 0.635 5042 300.532
  65 0.645 6726.2 5879.49
  66 0.655 5041.8 334.239
  67 0.665 6594.9 301.206
  68 0.675 5172.1 298.923
  69 0.685 5860.1 313.259
  70 0.695 5906.9 299.417
  71 0.705 4287.8 299.646
  72 0.715 3674 624.15
  73 0.725 3782.4 10232.5
  74 0.735 4021 302.123
  75 0.745 4659.1 14671.8
  76 0.755 5130.7 300.329
  77 0.765 6715.7 294.858
  78 0.775 5051.3 300.946
  79 0.785 6604.4 50468.3
  80 0.795 5163.2 291824
  81 0.805 5943.7 507269
  82 0.815 5824.4 134093
  83 0.825 5341.3 31294.4
  84 0.835 6426.7 137496
  85 0.845 3704.5 63828.3
  86 0.855 3654.9 297.611
  87 0.865 3701 291.813
  88 0.875 3717.3 301.354
  89 0.885 5566.5 299.494
  90 0.895 5211.1 304.695
  91 0.905 6577.6 303.124
  92 0.915 5189.4 299.269
  93 0.925 5855.4 298.074
  94 0.935 5911.6 297.148
  95 0.945 5250.5 301.951
  96 0.955 6516.7 94865.4
  97 0.965 5205.3 42683.4
  98 0.975 6334 69955.2
  99 0.985 3415.5 64879.2
  100 0.995 3707.5 119290
200 100 440001
  1 0.005 3713.1 303.573
  2 0.015 3454.9 299.936
  3 0.025 6378.6 302.179
  4 0.035 5114.8 299.27
  5 0.045 6617.7 299.022
  6 0.055 5149.3 300.348
  7 0.065 6089.5 297.054
  8 0.075 5677.5 298.542
  9 0.085 5387.3 301.586
  10 0.095 6379.7 300.86
  11 0.105 5298.6 294.915
  12 0.115 5474 307.428
  13 0.125 3732.9 306.11
  14 0.135 3695.3 296.944
  15 0.145 3667 297.214
  16 0.155 3687.2 296.023
  17 0.165 6370.7 305.356
  18 0.175 5396.3 294.739
  19 0.185 5694.1 299.086
  20 0.195 6073.1 175186
  21 0.205 5103.5 312710
  22 0.215 6663 159824
  23 0.225 5046.8 316200
  24 0.235 6720.5 302.552
  25 0.245 5123.1 299.497
  26 0.255 4618.9 30339.5
  27 0.265 4015.4 78755.1
  28 0.275 3818.7 63996.6
  29 0.285 3671.4 2058.38
  30 0.295 4308.5 308.722
  31 0.305 5740.1 298.025
  32 0.315 6026.9 299.06
  33 0.325 5103.9 298.001
  34 0.335 6663.1 304.397
  35 0.345 5044.2 295.927
  36 0.355 6722.8 300.935
  37 0.365 5043 299.6
  38 0.375 6724 650.858
  39 0.385 5045 297.88
  40 0.395 4308.2 302.021
  41 0.405 4397.5 732.879
  42 0.415 6655.5 514.777
  43 0.425 408.8 3722.59
  44 0.435 1 0
  45 0.445 0 0
  46 0.455 0 0
  47 0.465 0 0
  48 0.475 0 0
  49 0.485 0.1 0
  50 0.495 1.2 6.58419e+08
  51 0.505 0.7 0
  52 0.515 0.3 0
  53 0.525 0.5 0
  54 0.535 0.2 0
  55 0.545 0 0
  56 0.555 1 0
  57 0.565 4 300895
  58 0.575 394.8 14853.2
  59 0.585 6579.3 802.041
  60 0.595 4464 1083.66
  61 0.605 4274.9 536.026
  62 0.615 5043 305.731
  63 0.625 6724 132614
  64 0.635 5042 300.005
  65 0.645 6727 5880.11
  66 0.655 5041 333.093
  67 0.665 6684.2 300.177
  68 0.675 5082.8 300.511
  69 0.685 6110.3 313.561
  70 0.695 5656.7 298.317
  71 0.705 4297.3 299.702
  72 0.715 3686 623.581
  73 0.725 3804 10176
  74 0.735 4031.8 301.703
  75 0.745 4643.4 14718.8
  76 0.755 5092.5 300.034
  77 0.765 6722.3 295.265
  78 0.775 5044.7 301.406
  79 0.785 6678.7 305.527
  80 0.795 5088.3 306.765
  81 0.805 6172.1 302.817
  82 0.815 5595.4 400323
  83 0.825 5457.7 410238
  84 0.835 6309.8 334.805
  85 0.845 3711.3 151659
  86 0.855 3652.5 199470
  87 0.865 3704.4 89612.1
  88 0.875 3725.2 373688
  89 0.885 5580.9 169405
  90 0.895 5183.1 182384
  91 0.905 6612.5 92980.2
  92 0.915 5154.7 119184
  93 0.925 5945.3 103375
  94 0.935 5821.9 105558
  95 0.945 5270.4 116576
  96 0.955 6496.7 50594
  97 0.965 5218.5 305.393
  98 0.975 6320.5 302.605
  99 0.985 3416.2 302.538
  100 0.995 3705.4 308.58
