# Chunk-averaged data for fix velocity_z and group all
# Timestep Number-of-chunks Total-count
# Chunk Coord1 Ncount vz
10 100 440002
  1 0.005 3726.6 29.9631
  2 0.015 3447.8 29.9528
  3 0.025 6425.7 30.0253
  4 0.035 5054 30.0218
  5 0.045 6724 30.0189
  6 0.055 5043 29.9793
  7 0.065 6714.2 30.0112
  8 0.075 5052.8 30.0069
  9 0.085 6647.1 30.0398
  10 0.095 5119.9 29.9249
  11 0.105 6211.1 30.0303
  12 0.115 4696.8 30.0255
  13 0.125 3622.1 29.9562
  14 0.135 3675 30.0759
  15 0.145 3680.6 29.9832
  16 0.155 3820.7 29.9845
  17 0.165 6572.7 29.9883
  18 0.175 5043 30.0164
  19 0.185 6724 30.045
  20 0.195 5043 30.031
  21 0.205 6724 29.982
  22 0.215 5043 29.962
  23 0.225 6724 29.9671
  24 0.235 5043 30.0178
  25 0.245 6645 29.9715
  26 0.255 3753.4 29.9921
  27 0.265 3675.6 29.9969
  28 0.275 3676 29.9962
  29 0.285 3636.1 30.0287
  30 0.295 5037.1 30.0349
  31 0.305 5855.8 29.9511
  32 0.315 5519.8 29.9984
  33 0.325 6247.2 30.0026
  34 0.335 5142.6 29.9979
  35 0.345 6624.4 29.996
  36 0.355 5060.7 29.9395
  37 0.365 6706.3 29.9548
  38 0.375 5050.7 30.0122
  39 0.385 6583.4 30.0072
  40 0.395 3321.7 29.9664
  41 0.405 5201.1 29.9897
  42 0.415 5587.2 29.9637
  43 0.425 120.9 30.3244
  44 0.435 0 0
  45 0.445 0 0
  46 0.455 0 0
  47 0.465 0 0
  48 0.475 0 0
  49 0.485 0 0
  50 0.495 0 0
  51 0.505 0 0
  52 0.515 0 0
  53 0.525 0 0
  54 0.535 0 0
  55 0.545 0 0
  56 0.555 0 0
  57 0.565 0 0
  58 0.575 113.7 -29.3874
  59 0.585 5553.4 -29.9978
  60 0.595 5243.1 -30.0351
  61 0.605 3266.1 -29.9331
  62 0.615 6584.7 -30.0115
  63 0.625 5046 -30.0791
  64 0.635 6717.2 -29.9841
  65 0.645 5049.8 -29.9818
  66 0.655 6657.8 -29.9699
  67 0.665 5109.2 -29.9682
  68 0.675 6373 -30.0302
  69 0.685 5394 -30.0161
  70 0.695 5877.1 -29.9935
  71 0.705 5016.9 -30.0188
  72 0.715 3636 -30.0511
  73 0.725 3676 -30.0698
  74 0.735 3679.4 -30.0251
  75 0.745 3746.2 -29.9749
  76 0.755 6647.4 -29.9753
  77 0.765 5043 -29.9861
  78 0.775 6724 -30.0411
  79 0.785 5043 -29.9439
  80 0.795 6724 -29.9973
  81 0.805 5043 -30.0106
  82 0.815 6724 -30.0241
  83 0.825 5043 -29.9931
  84 0.835 6600.9 -30.0047
  85 0.845 3792.7 -30.0176
  86 0.855 3679.5 -29.9674
  87 0.865 3675.9 -29.9855
  88 0.875 3624.5 -29.9776
  89 0.885 4792 -29.9497
  90 0.895 6113.5 -30.0093
  91 0.905 5151.3 -29.9774
  92 0.915 6615.7 -29.9449
  93 0.925 5057.4 -29.9556
  94 0.935 6709.6 -29.978
  95 0.945 5050.2 -30.0143
  96 0.955 6716.8 -29.9991
  97 0.965 5090.4 -30.0002
  98 0.975 6447.6 -30.0074
  99 0.985 3393.1 -29.9317
  100 0.995 3736.8 -30.0306
20 100 440002
  1 0.005 3721.3 29.9543
  2 0.015 3452.6 29.9532
  3 0.025 6423.2 30.0238
  4 0.035 5055.9 30.025
  5 0.045 6724 30.0184
  6 0.055 5043 29.9774
  7 0.065 6710.1 30.0114
  8 0.075 5056.9 30.0064
  9 0.085 6619.8 30.0373
  10 0.095 5147.2 29.9297
  11 0.105 6164 30.0314
  12 0.115 4739.3 30.0252
  13 0.125 3626.7 29.9577
  14 0.135 3675 30.0761
  15 0.145 3679.2 29.9853
  16 0.155 3794.1 29.9791
  17 0.165 6600.7 29.9898
  18 0.175 5043 30.0153
  19 0.185 6724 30.0439
  20 0.195 5043 30.0335
  21 0.205 6724 29.9824
  22 0.215 5043 29.9592
  23 0.225 6724 29.9682
  24 0.235 5043 30.0164
  25 0.245 6608 29.9723
  26 0.255 3787.4 29.9876
  27 0.265 3678.6 29.9995
  28 0.275 3676 29.9941
  29 0.285 3627.9 30.0288
  30 0.295 4902.9 30.0346
  31 0.305 5998.2 29.9527
  32 0.315 5273.5 29.9939
  33 0.325 6493.5 30.0064
  34 0.335 5059.3 29.9974
  35 0.345 6707.7 29.9958
  36 0.355 5045.5 29.941
  37 0.365 6721.5 29.9531
  38 0.375 5043.7 30.0129
  39 0.385 6578.4 30.0084
  40 0.395 3284.1 29.9724
  41 0.405 5181.6 29.9923
  42 0.415 5646.7 29.9548
  43 0.425 130.5 30.1332
  44 0.435 0 0
  45 0.445 0 0
  46 0.455 0 0
  47 0.465 0 0
  48 0.475 0 0
  49 0.485 0 0
  50 0.495 0 0
  51 0.505 0 0
  52 0.515 0 0
  53 0.525 0 0
  54 0.535 0 0
  55 0.545 0 0
  56 0.555 0 0
  57 0.565 0 0
  58 0.575 124 -30.1535
  59 0.585 5615.2 -30.0051
  60 0.595 5210.5 -30.0157
  61 0.605 3236.8 -29.9253
  62 0.615 6577.2 -30.0101
  63 0.625 5043.3 -30.0815
  64 0.635 6723.9 -29.9824
  65 0.645 5043.1 -29.9832
  66 0.655 6714.3 -29.9705
  67 0.665 5052.7 -29.9679
  68 0.675 6577.1 -30.024
  69 0.685 5189.9 -30.0221
  70 0.695 6016.3 -29.9919
  71 0.705 4885 -30.0213
  72 0.715 3628.7 -30.048
  73 0.725 3676 -30.0708
  74 0.735 3684.6 -30.026
  75 0.745 3787.1 -29.97
  76 0.755 6601.3 -29.9802
  77 0.765 5043 -29.9831
  78 0.775 6724 -30.0428
  79 0.785 5043 -29.9418
  80 0.795 6724 -29.9976
  81 0.805 5043 -30.0088
  82 0.815 6724 -30.0259
  83 0.825 5043 -29.9915
  84 0.835 6635.2 -30.0047
  85 0.845 3760.7 -30.0229
  86 0.855 3678.1 -29.9636
  87 0.865 3675 -29.9835
  88 0.875 3626.9 -29.9815
  89 0.885 4838.1 -29.9557
  90 0.895 6065 -30.0064
  91 0.905 5187.9 -29.9738
  92 0.915 6579.1 -29.9475
  93 0.925 5063.6 -29.9539
  94 0.935 6703.4 -29.9789
  95 0.945 5052 -30.0153
  96 0.955 6715 -30.0009
  97 0.965 5096.7 -29.9977
  98 0.975 6441.3 -30.0078
  99 0.985 3394.9 -29.9298
  100 0.995 3736.1 -30.0057
30 100 440002
  1 0.005 3716.7 29.9415
  2 0.015 3451.6 29.9479
  3 0.025 6422.8 30.0236
  4 0.035 5058.9 30.0281
  5 0.045 6724 30.0176
  6 0.055 5043 29.9755
  7 0.065 6708.5 30.0122
  8 0.075 5058.5 30.0051
  9 0.085 6594.8 30.0375
  10 0.095 5172.2 29.931
  11 0.105 6105.8 30.0296
  12 0.115 4797.2 30.0285
  13 0.125 3627 29.9593
  14 0.135 3675 30.0759
  15 0.145 3677 29.9875
  16 0.155 3766.5 29.9758
  17 0.165 6630.5 29.9901
  18 0.175 5043 30.014
  19 0.185 6724 30.0428
  20 0.195 5043 30.036
  21 0.205 6724 29.9827
  22 0.215 5043 29.9567
  23 0.225 6723.7 29.9692
  24 0.235 5043.3 30.0151
  25 0.245 6556.4 29.9745
  26 0.255 3834.4 29.9794
  27 0.265 3683.2 30.0034
  28 0.275 3675.3 29.9915
  29 0.285 3620 30.0319
  30 0.295 4763.6 30.0275
  31 0.305 6146.1 29.9582
  32 0.315 5127.9 29.9935
  33 0.325 6639.1 30.0064
  34 0.335 5044.3 29.9981
  35 0.345 6722.7 29.995
  36 0.355 5043 29.9417
  37 0.365 6724 29.952
  38 0.375 5043 30.0129
  39 0.385 6565.7 30.0095
  40 0.395 3250.6 29.9709
  41 0.405 5158.3 29.8822
  42 0.415 5709.6 30.0688
  43 0.425 137.8 30.4051
  44 0.435 0 0
  45 0.445 0 0
  46 0.455 0 0
  47 0.465 0 0
  48 0.475 0 0
  49 0.485 0 0
  50 0.495 0 0
  51 0.505 0 0
  52 0.515 0 0
  53 0.525 0 0
  54 0.535 0 0
  55 0.545 0 0
  56 0.555 0 0
  57 0.565 0 0
  58 0.575 136.1 -32.7897
  59 0.585 5673.2 -29.9937
  60 0.595 5178.3 -29.9627
  61 0.605 3209.2 -29.9366
  62 0.615 6567.2 -30.0065
  63 0.625 5043 -30.0833
  64 0.635 6724 -29.9814
  65 0.645 5043 -29.9841
  66 0.655 6722.3 -29.9708
  67 0.665 5044.7 -29.9678
  68 0.675 6669.2 -30.0228
  69 0.685 5097.8 -30.0221
  70 0.695 6158.3 -29.9983
  71 0.705 4750 -30.018
  72 0.715 3621.7 -30.0402
  73 0.725 3676.6 -30.0705
  74 0.735 3685.8 -30.0273
  75 0.745 3844.1 -29.9689
  76 0.755 6542.5 -29.9836
  77 0.765 5043 -29.9802
  78 0.775 6724 -30.0442
  79 0.785 5043 -29.94
  80 0.795 6724 -29.9977
  81 0.805 5043 -30.007
  82 0.815 6724 -30.0277
  83 0.825 5043 -29.9902
  84 0.835 6663.2 -30.0042
  85 0.845 3735.3 -30.0298
  86 0.855 3675.5 -29.959
  87 0.865 3675 -29.9816
  88 0.875 3630.8 -29.9846
  89 0.885 4887.9 -29.9571
  90 0.895 6011.3 -30.0079
  91 0.905 5246.8 -29.9762
  92 0.915 6520.2 -29.9452
  93 0.925 5068.8 -29.9516
  94 0.935 6698.2 -29.9802
  95 0.945 5054.5 -30.0166
  96 0.955 6712.5 -30.0024
  97 0.965 5103.3 -29.9963
  98 0.975 6434.7 -30.0068
  99 0.985 3394.6 -29.9266
  100 0.995 3739.4 -29.9736
40 100 440002
  1 0.005 3714.3 29.9284
  2 0.015 3453.1 29.9483
  3 0.025 6424.7 30.0218
  4 0.035 5058.4 30.0317
  5 0.045 6724 30.0167
  6 0.055 5043 29.9736
  7 0.065 6705.5 30.0136
  8 0.075 5061.5 30.0032
  9 0.085 6558.4 30.0358
  10 0.095 5208.6 29.9349
  11 0.105 6056.2 30.0306
  12 0.115 4842.8 30.0275
  13 0.125 3631 29.9618
  14 0.135 3675 30.0755
  15 0.145 3675 29.9908
  16 0.155 3736.4 29.9675
  17 0.165 6662.6 29.9929
  18 0.175 5043 30.0126
  19 0.185 6724 30.0418
  20 0.195 5043 30.0383
  21 0.205 6724 29.9829
  22 0.215 5043 29.9545
  23 0.225 6722.5 29.9701
  24 0.235 5044.5 30.0137
  25 0.245 6495.5 29.9761
  26 0.255 3890.7 29.9733
  27 0.265 3687.8 30.0064
  28 0.275 3675 29.9893
  29 0.285 3615 30.0327
  30 0.295 4620.6 30.0254
  31 0.305 6294.4 29.961
  32 0.315 5062.5 29.9963
  33 0.325 6704.5 30.0039
  34 0.335 5043 29.9973
  35 0.345 6724 29.9955
  36 0.355 5043 29.9432
  37 0.365 6724 29.9502
  38 0.375 5043 30.0127
  39 0.385 6547.8 30.0102
  40 0.395 3222.2 29.9741
  41 0.405 5118.1 29.8479
  42 0.415 5789.2 30.0329
  43 0.425 144.7 32.934
  44 0.435 0 0
  45 0.445 0 0
  46 0.455 0 0
  47 0.465 0 0
  48 0.475 0 0
  49 0.485 0 0
  50 0.495 0 0
  51 0.505 0 0
  52 0.515 0 0
  53 0.525 0 0
  54 0.535 0 0
  55 0.545 0 0
  56 0.555 0 0
  57 0.565 0.4 -7278.34
  58 0.575 146.1 -50.5959
  59 0.585 5730 -29.8329
  60 0.595 5160.3 -29.1973
  61 0.605 3176.5 -29.7976
  62 0.615 6550.7 -30.0013
  63 0.625 5043 -30.0848
  64 0.635 6724 -29.9804
  65 0.645 5043 -29.9851
  66 0.655 6724 -29.971
  67 0.665 5043 -29.9678
  68 0.675 6711.6 -30.0222
  69 0.685 5055.4 -30.0212
  70 0.695 6303 -30.0037
  71 0.705 4614.1 -30.0158
  72 0.715 3612.9 -30.0331
  73 0.725 3678.7 -30.0699
  74 0.735 3690.4 -30.0285
  75 0.745 3912.4 -29.9706
  76 0.755 6467.5 -29.9856
  77 0.765 5043 -29.9773
  78 0.775 6724 -30.0453
  79 0.785 5043 -29.9386
  80 0.795 6724 -29.9977
  81 0.805 5043 -30.0054
  82 0.815 6724 -30.0295
  83 0.825 5043 -29.9889
  84 0.835 6683.5 -30.0027
  85 0.845 3716.5 -30.0383
  86 0.855 3674 -29.9546
  87 0.865 3675.3 -29.9797
  88 0.875 3632.2 -29.9872
  89 0.885 4936.4 -29.9616
  90 0.895 5961.1 -30.0069
  91 0.905 5307.7 -29.9782
  92 0.915 6459.3 -29.9432
  93 0.925 5074.6 -29.9499
  94 0.935 6692.4 -29.9811
  95 0.945 5056.4 -30.0187
  96 0.955 6710.6 -30.0034
  97 0.965 5107.4 -29.9931
  98 0.975 6431.1 -30.0071
  99 0.985 3394.7 -29.9234
  100 0.995 3738.3 -29.9962
50 100 440002
  1 0.005 3714.3 29.9072
  2 0.015 3453.8 29.9462
  3 0.025 6424.6 30.0205
  4 0.035 5059.2 30.0346
  5 0.045 6723.5 30.0156
  6 0.055 5043.5 29.9717
  7 0.065 6696.8 30.0145
  8 0.075 5070.2 30.0019
  9 0.085 6509.5 30.0353
  10 0.095 5257.5 29.9375
  11 0.105 6007.9 30.0334
  12 0.115 4885.2 30.0223
  13 0.125 3636.9 29.9666
  14 0.135 3675 30.0749
  15 0.145 3675 29.9926
  16 0.155 3714.3 29.9593
  17 0.165 6684.7 29.9966
  18 0.175 5043 30.0111
  19 0.185 6724 30.0408
  20 0.195 5043 30.0404
  21 0.205 6724 29.9829
  22 0.215 5043 29.9528
  23 0.225 6720 29.9715
  24 0.235 5047 30.0114
  25 0.245 6420.1 29.9784
  26 0.255 3955.8 29.9668
  27 0.265 3697.4 30.0087
  28 0.275 3675.7 29.9872
  29 0.285 3605.7 30.0324
  30 0.295 4493.3 30.0254
  31 0.305 6431 29.9628
  32 0.315 5046.8 29.9949
  33 0.325 6720.2 30.0044
  34 0.335 5043 29.9969
  35 0.345 6724 29.9958
  36 0.355 5043 29.9447
  37 0.365 6724 29.9484
  38 0.375 5043 30.0123
  39 0.385 6518.8 30.015
  40 0.395 3207 29.9572
  41 0.405 5081.8 29.8335
  42 0.415 5855.6 30.043
  43 0.425 158.8 33.2643
  44 0.435 0 0
  45 0.445 0 0
  46 0.455 0 0
  47 0.465 0 0
  48 0.475 0 0
  49 0.485 0 0
  50 0.495 0 0
  51 0.505 0 0
  52 0.515 0 0
  53 0.525 0 0
  54 0.535 0.4 -7278.34
  55 0.545 0.3 -7278.34
  56 0.555 0.3 -7278.34
  57 0.565 0 0
  58 0.575 156.5 -34.6874
  59 0.585 5789.1 -30.06
  60 0.595 5122.7 -29.7703
  61 0.605 3176.3 -28.5554
  62 0.615 6518.4 -29.6348
  63 0.625 5043 -30.0862
  64 0.635 6724 -29.9795
  65 0.645 5043 -29.9863
  66 0.655 6724 -29.9707
  67 0.665 5043 -29.9681
  68 0.675 6722.5 -30.0241
  69 0.685 5044.5 -30.0169
  70 0.695 6415.4 -30.007
  71 0.705 4509.5 -30.0143
  72 0.715 3605.1 -30.0288
  73 0.725 3681.5 -30.069
  74 0.735 3696.7 -30.0311
  75 0.745 3995 -29.9679
  76 0.755 6375.8 -29.9897
  77 0.765 5043.2 -29.9747
  78 0.775 6723.8 -30.0462
  79 0.785 5043 -29.9375
  80 0.795 6724 -29.9975
  81 0.805 5043 -30.0038
  82 0.815 6724 -30.0312
  83 0.825 5043 -29.9878
  84 0.835 6697.9 -30.0026
  85 0.845 3702.7 -30.0448
  86 0.855 3673.4 -29.9494
  87 0.865 3676 -29.9779
  88 0.875 3635.6 -29.9882
  89 0.885 4986.4 -29.9688
  90 0.895 5907 -30.0046
  91 0.905 5372.1 -29.9734
  92 0.915 6394.9 -29.9467
  93 0.925 5087.4 -29.9499
  94 0.935 6679.6 -29.9808
  95 0.945 5058.7 -30.0196
  96 0.955 6708.3 -30.0052
  97 0.965 5110.4 -29.9903
  98 0.975 6428 -30.0069
  99 0.985 3398.7 -29.9241
  100 0.995 3733 -29.9779
60 100 440002
  1 0.005 3712.8 29.9102
  2 0.015 3455 29.9421
  3 0.025 6422 30.0192
  4 0.035 5060.8 30.0383
  5 0.045 6723 30.0146
  6 0.055 5044 29.9698
  7 0.065 6686 30.0155
  8 0.075 5081 30.0007
  9 0.085 6446.9 30.0349
  10 0.095 5320.1 29.9404
  11 0.105 5963.8 30.0322
  12 0.115 4925.2 30.0221
  13 0.125 3641 29.971
  14 0.135 3675 30.0742
  15 0.145 3674.6 29.9944
  16 0.155 3701.9 29.9553
  17 0.165 6697.5 29.9982
  18 0.175 5043 30.0094
  19 0.185 6724 30.0399
  20 0.195 5043 30.0424
  21 0.205 6724 29.9828
  22 0.215 5043 29.9516
  23 0.225 6712.9 29.9733
  24 0.235 5054.1 30.0084
  25 0.245 6317.5 29.9798
  26 0.255 4039.5 29.9643
  27 0.265 3714.7 30.0081
  28 0.275 3677.3 29.9858
  29 0.285 3600.5 30.032
  30 0.295 4405.9 30.0265
  31 0.305 6523.6 29.9636
  32 0.315 5043 29.9917
  33 0.325 6724 30.0059
  34 0.335 5043 29.9965
  35 0.345 6724 29.9964
  36 0.355 5043 29.9461
  37 0.365 6724 29.9466
  38 0.375 5043 30.0119
  39 0.385 6472.4 30.0207
  40 0.395 3219.5 29.9405
  41 0.405 5049.7 29.8191
  42 0.415 5910.1 30.0936
  43 0.425 170.3 32.3509
  44 0.435 0 0
  45 0.445 0 0
  46 0.455 0 0
  47 0.465 0 0
  48 0.475 0 0
  49 0.485 0 0
  50 0.495 0 0
  51 0.505 0.3 -7278.34
  52 0.515 0.4 -7278.34
  53 0.525 0.3 -7278.34
  54 0.535 0 0
  55 0.545 0 0
  56 0.555 0 0
  57 0.565 0 0
  58 0.575 174 -35.683
  59 0.585 5843.1 -30.0396
  60 0.595 5086.9 -29.9026
  61 0.605 3190.9 -29.861
  62 0.615 6467.1 -29.5795
  63 0.625 5043.5 -29.6207
  64 0.635 6724.5 -29.6355
  65 0.645 5043 -29.9876
  66 0.655 6724 -29.9704
  67 0.665 5043 -29.9683
  68 0.675 6724 -30.0252
  69 0.685 5043 -30.0135
  70 0.695 6522.9 -30.0084
  71 0.705 4412.7 -30.0164
  72 0.715 3594.5 -30.0243
  73 0.725 3684.8 -30.0684
  74 0.735 3705.5 -30.0325
  75 0.745 4096.9 -29.9711
  76 0.755 6261.7 -29.9905
  77 0.765 5049.5 -29.974
  78 0.775 6717.5 -30.0455
  79 0.785 5043 -29.9367
  80 0.795 6724 -29.9971
  81 0.805 5043 -30.0023
  82 0.815 6724 -30.033
  83 0.825 5043 -29.9868
  84 0.835 6705.9 -30.0024
  85 0.845 3695.4 -30.0517
  86 0.855 3672.7 -29.9439
  87 0.865 3676 -29.9754
  88 0.875 3637.8 -29.9914
  89 0.885 5041.5 -29.9752
  90 0.895 5849.7 -30.0018
  91 0.905 5458.4 -29.973
  92 0.915 6308.6 -29.9465
  93 0.925 5108.3 -29.9495
  94 0.935 6658.7 -29.9809
  95 0.945 5064 -30.0199
  96 0.955 6703 -30.0074
  97 0.965 5116.7 -29.9873
  98 0.975 6421.3 -30.0063
  99 0.985 3401.2 -29.9241
  100 0.995 3732.2 -29.9558
70 100 440002
  1 0.005 3713.1 29.8925
  2 0.015 3456.5 29.9395
  3 0.025 6420.9 30.0176
  4 0.035 5061.3 30.041
  5 0.045 6722.7 30.0134
  6 0.055 5044.3 29.9679
  7 0.065 6677.7 30.0181
  8 0.075 5089.3 29.9974
  9 0.085 6385.5 30.0367
  10 0.095 5381.5 29.9404
  11 0.105 5917.9 30.0337
  12 0.115 4968.3 30.0201
  13 0.125 3643.1 29.9728
  14 0.135 3675.7 30.0736
  15 0.145 3673 29.9965
  16 0.155 3695 29.9521
  17 0.165 6706 29.9995
  18 0.175 5043 30.0077
  19 0.185 6724 30.039
  20 0.195 5043 30.0441
  21 0.205 6724 29.9825
  22 0.215 5043 29.9509
  23 0.225 6694.3 29.9744
  24 0.235 5072.7 30.0058
  25 0.245 6200.5 29.9825
  26 0.255 4133.7 29.9585
  27 0.265 3733.6 30.011
  28 0.275 3681.2 29.9826
  29 0.285 3593.3 30.031
  30 0.295 4349.4 30.031
  31 0.305 6587.3 29.9625
  32 0.315 5043 29.9889
  33 0.325 6724 30.0068
  34 0.335 5043 29.996
  35 0.345 6724 29.9972
  36 0.355 5043 29.9476
  37 0.365 6724 29.9447
  38 0.375 5043 30.0115
  39 0.385 6399.4 30.0262
  40 0.395 3258.6 29.9326
  41 0.405 5010.1 29.7709
  42 0.415 5968.8 30.1326
  43 0.425 185.1 32.6299
  44 0.435 0 0
  45 0.445 0 0
  46 0.455 0 0
  47 0.465 0 0
  48 0.475 0.3 -7278.34
  49 0.485 0.4 -7278.34
  50 0.495 0.3 -7278.34
  51 0.505 0 0
  52 0.515 0 0
  53 0.525 0 0
  54 0.535 0 0
  55 0.545 0 0
  56 0.555 0 0
  57 0.565 0 0
  58 0.575 185.9 -36.0454
  59 0.585 5910.2 -30.074
  60 0.595 5041.8 -29.8385
  61 0.605 3240.4 -29.9667
  62 0.615 6382.7 -29.9948
  63 0.625 5043.8 -29.6086
  64 0.635 6724.2 -29.8587
  65 0.645 5043.7 -29.4517
  66 0.655 6724.3 -29.7974
  67 0.665 5043 -29.9685
  68 0.675 6724 -30.0259
  69 0.685 5043 -30.0105
  70 0.695 6612.5 -30.0075
  71 0.705 4334.5 -30.0231
  72 0.715 3584.4 -30.0203
  73 0.725 3685 -30.066
  74 0.735 3722 -30.0314
  75 0.745 4200.4 -29.9756
  76 0.755 6140.2 -29.9922
  77 0.765 5065.2 -29.9731
  78 0.775 6701.8 -30.0449
  79 0.785 5043 -29.9363
  80 0.795 6724 -29.9966
  81 0.805 5043 -30.0009
  82 0.815 6724 -30.0346
  83 0.825 5043 -29.986
  84 0.835 6712.8 -30.0012
  85 0.845 3690.2 -30.06
  86 0.855 3671 -29.9385
  87 0.865 3676 -29.9728
  88 0.875 3641.6 -29.9954
  89 0.885 5086.2 -29.9777
  90 0.895 5801.2 -30.0017
  91 0.905 5556.4 -29.9714
  92 0.915 6210.6 -29.9473
  93 0.925 5126.2 -29.9449
  94 0.935 6640.8 -29.9843
  95 0.945 5068.9 -30.0198
  96 0.955 6698.1 -30.0097
  97 0.965 5124.5 -29.9847
  98 0.975 6411.9 -30.0057
  99 0.985 3404.1 -29.9203
  100 0.995 3729.7 -29.9543
80 100 440002
  1 0.005 3715.4 29.8891
  2 0.015 3454.1 29.9372
  3 0.025 6419.6 30.0151
  4 0.035 5063.6 30.0438
  5 0.045 6721.8 30.0121
  6 0.055 5045.2 29.9661
  7 0.065 6663.7 30.02
  8 0.075 5103.3 29.9952
  9 0.085 6326 30.0404
  10 0.095 5441 29.9384
  11 0.105 5878 30.0354
  12 0.115 5003.2 30.0178
  13 0.125 3646.8 29.9743
  14 0.135 3677 30.073
  15 0.145 3673 29.9979
  16 0.155 3684.9 29.9462
  17 0.165 6716.1 30.003
  18 0.175 5043 30.0059
  19 0.185 6724 30.0381
  20 0.195 5043 30.0455
  21 0.205 6723.3 29.9822
  22 0.215 5043.7 29.9504
  23 0.225 6657 29.974
  24 0.235 5110 30.0049
  25 0.245 6085.5 29.9853
  26 0.255 4232.5 29.9559
  27 0.265 3745.1 30.01
  28 0.275 3684.2 29.9801
  29 0.285 3586.2 30.0301
  30 0.295 4301.8 30.0307
  31 0.305 6643.7 29.9649
  32 0.315 5043 29.9859
  33 0.325 6724 30.0077
  34 0.335 5043 29.9955
  35 0.345 6724 29.9981
  36 0.355 5043 29.9491
  37 0.365 6724 29.9427
  38 0.375 5043 30.011
  39 0.385 6283.7 30.0236
  40 0.395 3335.9 29.9421
  41 0.405 4985.9 29.7432
  42 0.415 6020 30.1766
  43 0.425 196.5 32.0299
  44 0.435 0 0
  45 0.445 0.3 -7278.34
  46 0.455 0.4 -7278.34
  47 0.465 0.3 -7278.34
  48 0.475 0 0
  49 0.485 0 0
  50 0.495 0 0
  51 0.505 0 0
  52 0.515 0 0
  53 0.525 0 0
  54 0.535 0 0
  55 0.545 0 0
  56 0.555 0 0
  57 0.565 0 0
  58 0.575 196.8 -36.3077
  59 0.585 5981.3 -30.1036
  60 0.595 4994.3 -29.7833
  61 0.605 3328.2 -29.9655
  62 0.615 6260.4 -29.9997
  63 0.625 5043 -30.0786
  64 0.635 6723.7 -29.711
  65 0.645 5044.3 -29.7225
  66 0.655 6724.3 -29.7968
  67 0.665 5043.7 -29.4396
  68 0.675 6724 -30.0265
  69 0.685 5043 -30.0074
  70 0.695 6668 -30.0077
  71 0.705 4285.4 -30.0263
  72 0.715 3580.8 -30.0182
  73 0.725 3693.4 -30.0716
  74 0.735 3735.9 -30.0295
  75 0.745 4283.8 -29.9734
  76 0.755 6031.7 -29.9947
  77 0.765 5110.6 -29.9722
  78 0.775 6656.4 -30.0447
  79 0.785 5046.5 -29.9361
  80 0.795 6720.5 -29.996
  81 0.805 5043 -29.9996
  82 0.815 6724 -30.0362
  83 0.825 5043 -29.9854
  84 0.835 6717.3 -30
  85 0.845 3686.7 -30.0685
  86 0.855 3670 -29.9327
  87 0.865 3677.2 -29.97
  88 0.875 3644.4 -30
  89 0.885 5138.9 -29.9819
  90 0.895 5744.5 -29.9997
  91 0.905 5653.4 -29.972
  92 0.915 6113.6 -29.9462
  93 0.925 5153.7 -29.9439
  94 0.935 6613.3 -29.985
  95 0.945 5074.3 -30.021
  96 0.955 6692.7 -30.011
  97 0.965 5128.3 -29.9822
  98 0.975 6409.7 -30.0044
  99 0.985 3404 -29.9201
  100 0.995 3727.3 -29.9448
90 100 440002
  1 0.005 3716 29.8746
  2 0.015 3454.7 29.9329
  3 0.025 6415.4 30.012
  4 0.035 5067.9 30.047
  5 0.045 6718.1 30.0107
  6 0.055 5048.9 29.9646
  7 0.065 6642.3 30.0208
  8 0.075 5124.7 29.9944
  9 0.085 6259 30.045
  10 0.095 5508 29.9355
  11 0.105 5841 30.0379
  12 0.115 5036.5 30.0145
  13 0.125 3650.4 29.9758
  14 0.135 3676.7 30.0717
  15 0.145 3673.4 29.9991
  16 0.155 3681.2 29.9449
  17 0.165 6719.8 30.0044
  18 0.175 5043 30.0041
  19 0.185 6724 30.0373
  20 0.195 5043 30.0467
  21 0.205 6719.4 29.9819
  22 0.215 5047.6 29.9504
  23 0.225 6579.2 29.9722
  24 0.235 5187.8 30.0053
  25 0.245 5974.9 29.986
  26 0.255 4322 29.9557
  27 0.265 3761.9 30.0114
  28 0.275 3685.2 29.9777
  29 0.285 3582.2 30.0233
  30 0.295 4276.3 30.0375
  31 0.305 6676.5 29.9649
  32 0.315 5043 29.9828
  33 0.325 6724 30.0084
  34 0.335 5043 29.9949
  35 0.345 6724 29.9992
  36 0.355 5043 29.9506
  37 0.365 6722.7 29.9402
  38 0.375 5044.3 30.0113
  39 0.385 6131.6 30.0199
  40 0.395 3451 29.9488
  41 0.405 4949 29.7552
  42 0.415 6079.9 29.7979
  43 0.425 211.1 21.7424
  44 0.435 0.4 -7278.34
  45 0.445 0 0
  46 0.455 0 0
  47 0.465 0 0
  48 0.475 0 0
  49 0.485 0 0
  50 0.495 0 0
  51 0.505 0 0
  52 0.515 0 0
  53 0.525 0 0
  54 0.535 0 0
  55 0.545 0 0
  56 0.555 0 0
  57 0.565 0.2 -378.915
  58 0.575 212.7 -36.5951
  59 0.585 6032.4 -30.1405
  60 0.595 4955 -29.6902
  61 0.605 3484.1 -29.9624
  62 0.615 6076.6 -30.0058
  63 0.625 5047.7 -30.0791
  64 0.635 6718.3 -29.9749
  65 0.645 5044.5 -29.6638
  66 0.655 6724.5 -29.7537
  67 0.665 5043 -29.9689
  68 0.675 6724.6 -29.688
  69 0.685 5043.4 -29.7036
  70 0.695 6697.3 -30.0088
  71 0.705 4261.5 -30.0284
  72 0.715 3580 -30.0159
  73 0.725 3695.7 -30.075
  74 0.735 3746.8 -30.027
  75 0.745 4391.1 -29.9762
  76 0.755 5906.6 -29.9956
  77 0.765 5212.1 -29.9722
  78 0.775 6554.9 -30.0443
  79 0.785 5059.4 -29.9365
  80 0.795 6707.6 -29.9952
  81 0.805 5043 -29.9985
  82 0.815 6724 -30.0376
  83 0.825 5043.8 -29.9843
  84 0.835 6719.9 -30.0007
  85 0.845 3683.3 -30.0745
  86 0.855 3670 -29.927
  87 0.865 3678 -29.9675
  88 0.875 3645 -30.0029
  89 0.885 5192.1 -29.9874
  90 0.895 5689.9 -29.9972
  91 0.905 5754.2 -29.9702
  92 0.915 6012.8 -29.9472
  93 0.925 5187.2 -29.9436
  94 0.935 6579.8 -29.9854
  95 0.945 5080.4 -30.0205
  96 0.955 6686.6 -30.0133
  97 0.965 5134.8 -29.9814
  98 0.975 6403.6 -30.0009
  99 0.985 3404 -29.9244
  100 0.995 3725.6 -29.9262
100 100 440002
  1 0.005 3711.7 29.8943
  2 0.015 3455.6 29.931
  3 0.025 6414.1 30.009
  4 0.035 5071.2 30.0502
  5 0.045 6713.2 30.009
  6 0.055 5053.8 29.9636
  7 0.065 6611.8 30.0224
  8 0.075 5155.2 29.9929
  9 0.085 6189.6 30.0486
  10 0.095 5577.4 29.9338
  11 0.105 5789.5 30.0363
  12 0.115 5084.4 30.0146
  13 0.125 3653.1 29.978
  14 0.135 3677 30.0712
  15 0.145 3673.6 29.9994
  16 0.155 3679.1 29.9445
  17 0.165 6722.2 30.0061
  18 0.175 5043.1 30.0022
  19 0.185 6724 30.0365
  20 0.195 5043 30.0476
  21 0.205 6710.8 29.9812
  22 0.215 5056.2 29.9513
  23 0.225 6466.2 29.969
  24 0.235 5300.8 30.0069
  25 0.245 5868.7 29.9873
  26 0.255 4404.9 29.9633
  27 0.265 3780.2 30.0039
  28 0.275 3688.1 29.9753
  29 0.285 3579.6 30.0191
  30 0.295 4258 30.0388
  31 0.305 6699.5 29.9665
  32 0.315 5043 29.9795
  33 0.325 6724 30.009
  34 0.335 5043 29.9943
  35 0.345 6723.9 30.0004
  36 0.355 5043.1 29.9521
  37 0.365 6707.4 29.9374
  38 0.375 5059.6 30.0118
  39 0.385 5921.9 29.6582
  40 0.395 3634.5 29.3209
  41 0.405 4896.1 29.1441
  42 0.415 6142.9 30.1841
  43 0.425 227.6 31.6393
  44 0.435 0 0
  45 0.445 0 0
  46 0.455 0 0
  47 0.465 0 0
  48 0.475 0 0
  49 0.485 0 0
  50 0.495 0 0
  51 0.505 0 0
  52 0.515 0 0
  53 0.525 0 0
  54 0.535 0 0
  55 0.545 0 0
  56 0.555 0 0
  57 0.565 1 -378.915
  58 0.575 226.2 -35.5794
  59 0.585 6088.8 -30.143
  60 0.595 4916 -29.6532
  61 0.605 3666.9 -29.9687
  62 0.615 5862.1 -30.0056
  63 0.625 5068.6 -30.079
  64 0.635 6697.4 -29.9744
  65 0.645 5044.1 -29.9498
  66 0.655 6724.2 -29.8395
  67 0.665 5043.7 -29.4769
  68 0.675 6724 -30.0266
  69 0.685 5043.3 -29.7755
  70 0.695 6713.5 -29.6729
  71 0.705 4253.6 -29.9405
  72 0.715 3576.4 -30.0148
  73 0.725 3703.8 -30.0736
  74 0.735 3757.6 -30.0267
  75 0.745 4474.8 -29.9818
  76 0.755 5800 -29.9953
  77 0.765 5367.8 -29.9684
  78 0.775 6399.2 -30.0477
  79 0.785 5080.8 -29.935
  80 0.795 6686.2 -29.9961
  81 0.805 5043 -29.9975
  82 0.815 6724 -30.0389
  83 0.825 5044 -29.9838
  84 0.835 6722.3 -30.0003
  85 0.845 3680.7 -30.0817
  86 0.855 3670 -29.9212
  87 0.865 3678 -29.9642
  88 0.875 3647.5 -30.0061
  89 0.885 5250.2 -29.9947
  90 0.895 5629.3 -29.993
  91 0.905 5856 -29.9698
  92 0.915 5911 -29.947
  93 0.925 5228.5 -29.9452
  94 0.935 6538.5 -29.9844
  95 0.945 5083.2 -30.0207
  96 0.955 6683.8 -30.0148
  97 0.965 5139 -29.9809
  98 0.975 6400.2 -29.9972
  99 0.985 3406 -29.9283
  100 0.995 3724.2 -29.9034
110 100 440002
  1 0.005 3714 29.8668
  2 0.015 3455.9 29.9301
  3 0.025 6411.6 30.005
  4 0.035 5074.4 30.0528
  5 0.045 6708.8 30.0081
  6 0.055 5058.2 29.9616
  7 0.065 6577 30.0246
  8 0.075 5190 29.9906
  9 0.085 6114.1 30.0504
  10 0.095 5652.9 29.9343
  11 0.105 5737.3 30.0303
  12 0.115 5131.2 30.018
  13 0.125 3658.5 29.983
  14 0.135 3677 30.0697
  15 0.145 3673 29.9992
  16 0.155 3679 29.9451
  17 0.165 6721.2 30.0075
  18 0.175 5044.8 30.0008
  19 0.185 6722.9 30.0356
  20 0.195 5044.1 30.0485
  21 0.205 6690.8 29.9801
  22 0.215 5076.2 29.9532
  23 0.225 6299.9 29.971
  24 0.235 5467.1 30.0016
  25 0.245 5772.4 29.9879
  26 0.255 4475.4 29.9675
  27 0.265 3788.4 30.0008
  28 0.275 3701.3 29.9695
  29 0.285 3574 30.019
  30 0.295 4252.2 30.0396
  31 0.305 6715.3 29.9689
  32 0.315 5043 29.9761
  33 0.325 6724 30.0096
  34 0.335 5043 29.9937
  35 0.345 6719.9 30.0012
  36 0.355 5047.4 29.5181
  37 0.365 6645.6 29.607
  38 0.375 5122.1 29.4338
  39 0.385 5683.1 30.0384
  40 0.395 3846.1 29.9119
  41 0.405 4844.9 29.7319
  42 0.415 6206.4 30.2108
  43 0.425 241.5 31.074
  44 0.435 0 0
  45 0.445 0 0
  46 0.455 0 0
  47 0.465 0 0
  48 0.475 0 0
  49 0.485 0 0
  50 0.495 0 0
  51 0.505 0 0
  52 0.515 0 0
  53 0.525 0 0
  54 0.535 0 0
  55 0.545 0 0
  56 0.555 0 0
  57 0.565 1 -378.915
  58 0.575 235.9 -36.246
  59 0.585 6135.9 -30.1266
  60 0.595 4887.8 -29.6244
  61 0.605 3871.7 -29.9724
  62 0.615 5628.7 -30.0065
  63 0.625 5162 -30.0779
  64 0.635 6604 -29.9735
  65 0.645 5052.1 -29.9516
  66 0.655 6715.9 -29.9921
  67 0.665 5043 -29.9713
  68 0.675 6724.7 -29.6537
  69 0.685 5043.4 -29.7846
  70 0.695 6723 -30.0138
  71 0.705 4249 -29.4946
  72 0.715 3579.7 -29.5901
  73 0.725 3712.1 -30.071
  74 0.735 3782.5 -30.0242
  75 0.745 4528.3 -29.9886
  76 0.755 5705.3 -29.9959
  77 0.765 5581.2 -29.9633
  78 0.775 6185.8 -30.0534
  79 0.785 5124.6 -29.934
  80 0.795 6642.4 -29.9969
  81 0.805 5045.3 -29.9962
  82 0.815 6721.7 -30.0403
  83 0.825 5044 -29.9835
  84 0.835 6723 -29.9999
  85 0.845 3680.7 -30.0885
  86 0.855 3669.3 -29.9157
  87 0.865 3678.6 -29.9618
  88 0.875 3654 -30.0096
  89 0.885 5292.4 -29.9973
  90 0.895 5580 -29.9922
  91 0.905 5966.6 -29.9675
  92 0.915 5800.4 -29.9486
  93 0.925 5265.6 -29.943
  94 0.935 6501.4 -29.9866
  95 0.945 5086.3 -30.0206
  96 0.955 6680.7 -30.0162
  97 0.965 5147 -29.979
  98 0.975 6392 -29.9948
  99 0.985 3406.5 -29.9318
  100 0.995 3720.6 -29.9195
120 100 440002
  1 0.005 3712.3 29.878
  2 0.015 3455 29.9305
  3 0.025 6409.4 30.0007
  4 0.035 5078.1 30.0554
  5 0.045 6706 30.0077
  6 0.055 5061 29.9593
  7 0.065 6541.4 30.0225
  8 0.075 5225.6 29.9939
  9 0.085 6039.5 30.0461
  10 0.095 5727.5 29.9412
  11 0.105 5683.9 30.0242
  12 0.115 5178.6 30.0224
  13 0.125 3664.5 29.9857
  14 0.135 3677 30.0681
  15 0.145 3673 29.9997
  16 0.155 3678.1 29.9463
  17 0.165 6721.7 30.0087
  18 0.175 5045.2 29.999
  19 0.185 6715.8 30.0333
  20 0.195 5051.2 30.051
  21 0.205 6638.2 29.9794
  22 0.215 5128.8 29.955
  23 0.225 6079.8 29.9693
  24 0.235 5687.2 30.0003
  25 0.245 5670.2 29.9877
  26 0.255 4548.9 29.9683
  27 0.265 3797.6 30.0034
  28 0.275 3714.3 29.962
  29 0.285 3575.4 30.0211
  30 0.295 4251.8 30.041
  31 0.305 6720.8 29.9703
  32 0.315 5043 29.9727
  33 0.325 6722.5 29.6827
  34 0.335 5045.1 29.5568
  35 0.345 6702.1 29.5634
  36 0.355 5065.3 29.9575
  37 0.365 6420.9 29.9348
  38 0.375 5346.1 30.0053
  39 0.385 5453.5 30.035
  40 0.395 4047.3 29.9142
  41 0.405 4799.6 29.4318
  42 0.415 6266.7 29.9493
  43 0.425 254.9 43.4904
  44 0.435 0 0
  45 0.445 0 0
  46 0.455 0 0
  47 0.465 0 0
  48 0.475 0 0
  49 0.485 0 0
  50 0.495 0 0
  51 0.505 0 0
  52 0.515 0 0
  53 0.525 0 0
  54 0.535 0 0
  55 0.545 0 0
  56 0.555 0 0
  57 0.565 1 -378.915
  58 0.575 250.1 -37.4688
  59 0.585 6191 -30.0941
  60 0.595 4843.6 -29.5804
  61 0.605 4056.7 -29.964
  62 0.615 5418.6 -30.0141
  63 0.625 5425.2 -30.0754
  64 0.635 6340.8 -29.9709
  65 0.645 5091.4 -29.956
  66 0.655 6676.6 -29.9889
  67 0.665 5046.6 -29.9714
  68 0.675 6720.4 -30.0272
  69 0.685 5044.4 -29.7098
  70 0.695 6723.6 -29.6929
  71 0.705 4256.5 -30.0293
  72 0.715 3581.5 -29.8077
  73 0.725 3723.1 -29.343
  74 0.735 3800.6 -29.9247
  75 0.745 4582.1 -29.9938
  76 0.755 5612.2 -29.997
  77 0.765 5822.8 -29.9576
  78 0.775 5944.2 -30.0609
  79 0.785 5219.6 -29.9377
  80 0.795 6547.4 -29.9946
  81 0.805 5051 -29.9959
  82 0.815 6716 -30.041
  83 0.825 5047.1 -29.9842
  84 0.835 6719.9 -29.9988
  85 0.845 3682 -30.0952
  86 0.855 3668 -29.9102
  87 0.865 3681.1 -29.9605
  88 0.875 3661.5 -30.0126
  89 0.885 5328.8 -29.9974
  90 0.895 5533.6 -29.993
  91 0.905 6063.3 -29.9628
  92 0.915 5703.7 -29.9529
  93 0.925 5317.7 -29.9435
  94 0.935 6449.3 -29.987
  95 0.945 5098.8 -30.0213
  96 0.955 6668.2 -30.0168
  97 0.965 5154.6 -29.9772
  98 0.975 6384.4 -29.992
  99 0.985 3407 -29.9353
  100 0.995 3721.2 -29.8813
130 100 440002
  1 0.005 3714.8 29.8617
  2 0.015 3451.1 29.9293
  3 0.025 6408.3 29.9977
  4 0.035 5082.8 30.0575
  5 0.045 6698.2 30.0064
  6 0.055 5068.8 29.9583
  7 0.065 6496 30.0216
  8 0.075 5271 29.9957
  9 0.085 5956 30.0434
  10 0.095 5811 29.9461
  11 0.105 5620 30.0196
  12 0.115 5233.9 30.0251
  13 0.125 3672.5 29.9879
  14 0.135 3676.4 30.0661
  15 0.145 3674.2 30.0004
  16 0.155 3678 29.9485
  17 0.165 6717.5 30.0092
  18 0.175 5049.5 29.9981
  19 0.185 6707 30.0316
  20 0.195 5060 30.0524
  21 0.205 6535 29.9771
  22 0.215 5232 29.9593
  23 0.225 5852.9 29.974
  24 0.235 5914.1 29.9925
  25 0.245 5581.8 29.9887
  26 0.255 4601.1 29.9668
  27 0.265 3810.1 30.0027
  28 0.275 3725.3 29.9632
  29 0.285 3581 30.0183
  30 0.295 4257.1 29.525
  31 0.305 6723.2 29.6446
  32 0.315 5043.3 29.5324
  33 0.325 6711.8 29.902
  34 0.335 5055.3 29.9915
  35 0.345 6616.7 29.7667
  36 0.355 5150.6 29.361
  37 0.365 6006.6 29.6802
  38 0.375 5760.7 29.4569
  39 0.385 5276.5 29.436
  40 0.395 4194.9 29.5672
  41 0.405 4756.5 29.4254
  42 0.415 6316.3 30.0818
  43 0.425 276 38.9315
  44 0.435 0.3 6106.17
  45 0.445 0.2 13657.6
  46 0.455 0.2 13657.6
  47 0.465 0.2 13657.6
  48 0.475 0.2 13657.6
  49 0.485 0.1 13657.6
  50 0.495 0 0
  51 0.505 0 0
  52 0.515 0 0
  53 0.525 0 0
  54 0.535 0 0
  55 0.545 0 0
  56 0.555 0 0
  57 0.565 1.4 -343.821
  58 0.575 267.8 -38.0108
  59 0.585 6243 -30.055
  60 0.595 4797.3 -29.5685
  61 0.605 4205.5 -29.9427
  62 0.615 5246 -30.0269
  63 0.625 5883.9 -30.0686
  64 0.635 5882.1 -29.9691
  65 0.645 5202 -29.9525
  66 0.655 6566 -29.9919
  67 0.665 5066.9 -29.9694
  68 0.675 6700.1 -30.0289
  69 0.685 5046.8 -29.9945
  70 0.695 6720.2 -30.0196
  71 0.705 4264.1 -29.4349
  72 0.715 3592 -29.7142
  73 0.725 3726.5 -30.0669
  74 0.735 3822.9 -29.5239
  75 0.745 4620.2 -29.5804
  76 0.755 5531.3 -29.997
  77 0.765 6067.7 -29.9544
  78 0.775 5699.3 -30.0671
  79 0.785 5366.1 -29.9399
  80 0.795 6400.9 -29.9941
  81 0.805 5076.4 -29.9969
  82 0.815 6690.6 -30.0408
  83 0.825 5054.6 -29.9818
  84 0.835 6712.4 -30.0002
  85 0.845 3684.4 -30.1015
  86 0.855 3665.6 -29.9048
  87 0.865 3683.2 -29.958
  88 0.875 3669.1 -30.018
  89 0.885 5381.3 -30.0026
  90 0.895 5471.4 -29.9877
  91 0.905 6146.1 -29.9622
  92 0.915 5620.9 -29.953
  93 0.925 5375.3 -29.9452
  94 0.935 6391.7 -29.9864
  95 0.945 5119.3 -30.0234
  96 0.955 6647.7 -30.0158
  97 0.965 5159.3 -29.9777
  98 0.975 6379.7 -29.9874
  99 0.985 3408.1 -29.9405
  100 0.995 3717.9 -29.9033
140 100 440002
  1 0.005 3717.7 29.8735
  2 0.015 3449.4 29.9274
  3 0.025 6407.4 29.9967
  4 0.035 5085.3 30.0577
  5 0.045 6689.6 30.0058
  6 0.055 5077.4 29.9568
  7 0.065 6449 30.0222
  8 0.075 5318 29.9957
  9 0.085 5875.5 30.0427
  10 0.095 5891.5 29.9487
  11 0.105 5568.8 30.0161
  12 0.115 5270.2 30.0234
  13 0.125 3687 29.9939
  14 0.135 3676 30.0648
  15 0.145 3674.1 30.001
  16 0.155 3678.9 29.951
  17 0.165 6708.2 30.0103
  18 0.175 5058.8 29.9961
  19 0.185 6670.1 30.0291
  20 0.195 5096.9 30.0544
  21 0.205 6361.2 29.9715
  22 0.215 5405.8 29.9678
  23 0.225 5629.3 29.9768
  24 0.235 6137.7 29.9873
  25 0.245 5499.9 29.9895
  26 0.255 4634.8 29.9658
  27 0.265 3826.3 29.4276
  28 0.275 3736.9 29.3773
  29 0.285 3598.1 28.5459
  30 0.295 4260.3 29.5049
  31 0.305 6718.9 29.5127
  32 0.315 5048.4 29.6608
  33 0.325 6673.9 29.5482
  34 0.335 5093.5 29.3819
  35 0.345 6372.6 29.999
  36 0.355 5394.4 29.9692
  37 0.365 5529.7 29.9317
  38 0.375 6237.3 29.9935
  39 0.385 5167.1 30.016
  40 0.395 4283.1 29.9505
  41 0.405 4699.8 29.7617
  42 0.415 6375.3 30.0617
  43 0.425 293.7 32.1564
  44 0.435 0.8 2330.44
  45 0.445 0.2 2330.44
  46 0.455 0 0
  47 0.465 0 0
  48 0.475 0 0
  49 0.485 0 0
  50 0.495 0.2 13657.6
  51 0.505 0.2 13657.6
  52 0.515 0.2 13657.6
  53 0.525 0.2 13657.6
  54 0.535 0.1 13657.6
  55 0.545 0.1 13657.6
  56 0.555 0 0
  57 0.565 2 -317.5
  58 0.575 278 -37.5344
  59 0.585 6294.1 -30.0467
  60 0.595 4758.6 -29.5855
  61 0.605 4282.4 -29.9219
  62 0.615 5145.9 -30.0394
  63 0.625 6327.1 -30.0662
  64 0.635 5438.9 -29.9634
  65 0.645 5534.7 -29.9556
  66 0.655 6233.3 -29.9906
  67 0.665 5126.1 -29.9675
  68 0.675 6640.9 -30.0309
  69 0.685 5063.8 -29.9911
  70 0.695 6703.2 -30.0231
  71 0.705 4267.3 -30.0306
  72 0.715 3604.2 -29.6152
  73 0.725 3733.7 -29.4667
  74 0.735 3850.8 -30.0272
  75 0.745 4642.7 -29.9539
  76 0.755 5458 -29.539
  77 0.765 6285.1 -29.7548
  78 0.775 5482.2 -30.0694
  79 0.785 5572.5 -29.9432
  80 0.795 6194.5 -29.993
  81 0.805 5125.6 -29.9973
  82 0.815 6641.4 -30.0411
  83 0.825 5066.1 -29.9789
  84 0.835 6700.9 -30.0023
  85 0.845 3688.8 -30.1036
  86 0.855 3661.2 -29.9032
  87 0.865 3685.9 -29.954
  88 0.875 3675.9 -30.0237
  89 0.885 5419.1 -30.0053
  90 0.895 5424.1 -29.9855
  91 0.905 6231.1 -29.9587
  92 0.915 5535.9 -29.9563
  93 0.925 5437.4 -29.9423
  94 0.935 6329.6 -29.9901
  95 0.945 5136.5 -30.0237
  96 0.955 6630.5 -30.0159
  97 0.965 5164.2 -29.9769
  98 0.975 6375.9 -29.985
  99 0.985 3407.4 -29.942
  100 0.995 3714.7 -29.8978
150 100 440002
  1 0.005 3717.6 29.8543
  2 0.015 3449.4 29.9232
  3 0.025 6406.4 29.9961
  4 0.035 5087.7 30.0571
  5 0.045 6683.9 30.0059
  6 0.055 5083.1 29.9546
  7 0.065 6399.1 30.0231
  8 0.075 5367.9 29.9955
  9 0.085 5792.3 30.0478
  10 0.095 5974.7 29.9455
  11 0.105 5516.3 30.0158
  12 0.115 5312.8 30.0202
  13 0.125 3696.4 29.9966
  14 0.135 3676.5 30.0632
  15 0.145 3674 30.0013
  16 0.155 3679 29.9551
  17 0.165 6689.3 30.0113
  18 0.175 5077.7 29.9941
  19 0.185 6610.4 30.0286
  20 0.195 5156.6 30.0534
  21 0.205 6125.4 29.9727
  22 0.215 5641.7 29.6807
  23 0.225 5420.1 29.3755
  24 0.235 6347.4 29.5227
  25 0.245 5425.3 28.9066
  26 0.255 4654.6 29.195
  27 0.265 3856.8 28.8607
  28 0.275 3743 29.6601
  29 0.285 3614 30.0193
  30 0.295 4262.7 30.0389
  31 0.305 6687.8 29.9769
  32 0.315 5079.2 29.9631
  33 0.325 6563.6 30.0158
  34 0.335 5203.4 29.9853
  35 0.345 5917.9 29.9968
  36 0.355 5849.1 29.9765
  37 0.365 5208.2 29.9308
  38 0.375 6559 29.7298
  39 0.385 5103.1 29.5167
  40 0.395 4331.2 29.3807
  41 0.405 4651 29.3938
  42 0.415 6419.5 30.0765
  43 0.425 312.3 47.1416
  44 0.435 1.7 2148.96
  45 0.445 0.9 2330.44
  46 0.455 0.1 2330.44
  47 0.465 0 0
  48 0.475 0 0
  49 0.485 0 0
  50 0.495 0 0
  51 0.505 0 0
  52 0.515 0 0
  53 0.525 0 0
  54 0.535 0 0
  55 0.545 0.1 13657.6
  56 0.555 0.2 13657.6
  57 0.565 2.7 770.286
  58 0.575 296.1 -32.2936
  59 0.585 6330.2 -29.6854
  60 0.595 4728.7 -28.9551
  61 0.605 4310.4 -29.8932
  62 0.615 5093.6 -30.0455
  63 0.625 6605.6 -30.0596
  64 0.635 5160.4 -29.9659
  65 0.645 6020.7 -29.9537
  66 0.655 5747.3 -29.9947
  67 0.665 5289.6 -29.9677
  68 0.675 6477.4 -30.0321
  69 0.685 5126.9 -29.9875
  70 0.695 6640.1 -30.0273
  71 0.705 4270.5 -30.0295
  72 0.715 3624.8 -30.0346
  73 0.725 3734.6 -30.1102
  74 0.735 3887.4 -29.3092
  75 0.745 4664.3 -29.7831
  76 0.755 5374.4 -29.9998
  77 0.765 6449.5 -29.7662
  78 0.775 5318.4 -29.5921
  79 0.785 5828.2 -29.876
  80 0.795 5938.9 -29.9911
  81 0.805 5209.1 -29.9981
  82 0.815 6557.9 -30.0411
  83 0.825 5085.4 -29.9776
  84 0.835 6681.6 -30.0035
  85 0.845 3690.4 -30.1069
  86 0.855 3660.6 -29.9011
  87 0.865 3689.7 -29.9485
  88 0.875 3684.3 -30.0302
  89 0.885 5450.5 -30.007
  90 0.895 5379.5 -29.9837
  91 0.905 6315.8 -29.9571
  92 0.915 5451.2 -29.9576
  93 0.925 5522.2 -29.9459
  94 0.935 6244.8 -29.9885
  95 0.945 5155.4 -30.0237
  96 0.955 6611.6 -30.0158
  97 0.965 5173.9 -29.9785
  98 0.975 6367.5 -29.9808
  99 0.985 3405.9 -29.9441
  100 0.995 3713.6 -29.8797
160 100 440002
  1 0.005 3714.4 29.8805
  2 0.015 3450.4 29.9199
  3 0.025 6403.6 29.995
  4 0.035 5091.3 30.0572
  5 0.045 6675.6 30.0065
  6 0.055 5091.4 29.9521
  7 0.065 6338.5 30.0258
  8 0.075 5428.5 29.9933
  9 0.085 5704.4 30.0454
  10 0.095 6062.6 29.9496
  11 0.105 5475 30.0141
  12 0.115 5347.8 30.0189
  13 0.125 3701.9 29.998
  14 0.135 3677.3 30.0613
  15 0.145 3672.8 30.001
  16 0.155 3680.4 29.0837
  17 0.165 6665.7 29.7709
  18 0.175 5101.6 29.3582
  19 0.185 6501.7 29.779
  20 0.195 5265.6 29.44
  21 0.205 5846.4 29.305
  22 0.215 5921.2 29.6348
  23 0.225 5265.1 29.4774
  24 0.235 6502.5 29.7796
  25 0.245 5355.5 29.9998
  26 0.255 4653.5 29.936
  27 0.265 3897 29.9038
  28 0.275 3755.9 30.0406
  29 0.285 3627.8 30.0695
  30 0.295 4265.3 30.0387
  31 0.305 6606 29.9813
  32 0.315 5161 29.958
  33 0.325 6300.2 30.0164
  34 0.335 5466.9 29.8231
  35 0.345 5459.5 29.6708
  36 0.355 6308 29.5593
  37 0.365 5083.3 29.4104
  38 0.375 6684.1 29.8693
  39 0.385 5067.8 30.0156
  40 0.395 4349.4 29.967
  41 0.405 4588.1 29.7255
  42 0.415 6474.7 30.0929
  43 0.425 335 31.4218
  44 0.435 1.4 1296.12
  45 0.445 1.2 4099.62
  46 0.455 1.3 3046.07
  47 0.465 0.1 2330.44
  48 0.475 0 0
  49 0.485 0 0
  50 0.495 0 0
  51 0.505 0 0
  52 0.515 0 0
  53 0.525 0 0
  54 0.535 0 0
  55 0.545 0 0
  56 0.555 0.6 -378.915
  57 0.565 2.4 -182.544
  58 0.575 311.2 -36.7409
  59 0.585 6381.5 -30.175
  60 0.595 4675.2 -29.503
  61 0.605 4326.7 -29.2394
  62 0.615 5063.8 -29.5003
  63 0.625 6707.3 -29.8534
  64 0.635 5059 -29.4188
  65 0.645 6428 -29.5374
  66 0.655 5340.3 -29.7133
  67 0.665 5591.5 -29.9709
  68 0.675 6175.5 -30.0321
  69 0.685 5232.8 -29.987
  70 0.695 6534.2 -30.0294
  71 0.705 4273.8 -30.0303
  72 0.715 3638.6 -30.0361
  73 0.725 3747.4 -30.1069
  74 0.735 3919.7 -30.0382
  75 0.745 4680.1 -29.7856
  76 0.755 5296.3 -29.5416
  77 0.765 6575.7 -29.9016
  78 0.775 5191.4 -30.0615
  79 0.785 6091.1 -29.6082
  80 0.795 5676.9 -29.622
  81 0.805 5353.9 -29.9943
  82 0.815 6413.1 -30.0453
  83 0.825 5118.6 -29.9788
  84 0.835 6648.4 -30.003
  85 0.845 3692.3 -30.1098
  86 0.855 3660.2 -29.8993
  87 0.865 3693.5 -29.9433
  88 0.875 3690 -30.0346
  89 0.885 5487.3 -30.0066
  90 0.895 5331.7 -29.9851
  91 0.905 6394.2 -29.9575
  92 0.915 5372.8 -29.9566
  93 0.925 5613.9 -29.9485
  94 0.935 6153.1 -29.9879
  95 0.945 5182 -30.0245
  96 0.955 6585 -30.0146
  97 0.965 5180.7 -29.9785
  98 0.975 6361.3 -29.9777
  99 0.985 3405.6 -29.9469
  100 0.995 3714.7 -29.8793
170 100 440002
  1 0.005 3711.9 29.8811
  2 0.015 3452.9 29.922
  3 0.025 6397.5 29.991
  4 0.035 5097.5 30.0592
  5 0.045 6663.1 30.0071
  6 0.055 5103.9 29.95
  7 0.065 6290.1 30.0293
  8 0.075 5476.9 29.9901
  9 0.085 5605.6 29.7573
  10 0.095 6161.7 29.4275
  11 0.105 5431.3 29.7143
  12 0.115 5385.7 29.4193
  13 0.125 3705.6 28.9667
  14 0.135 3679.6 28.584
  15 0.145 3671.5 28.9611
  16 0.155 3682.4 29.3692
  17 0.165 6624.6 29.6796
  18 0.175 5142.7 29.1339
  19 0.185 6343.3 29.6786
  20 0.195 5423.9 29.6456
  21 0.205 5556.7 29.8268
  22 0.215 6210.2 30.3767
  23 0.225 5152.4 30.138
  24 0.235 6614.8 29.9811
  25 0.245 5292 30.0022
  26 0.255 4652.2 29.8703
  27 0.265 3926.4 29.9829
  28 0.275 3770.6 29.9593
  29 0.285 3638.2 30.1463
  30 0.295 4275.6 30.0399
  31 0.305 6437.7 29.7106
  32 0.315 5329.8 29.4539
  33 0.325 5922.8 29.5692
  34 0.335 5844.7 29.6804
  35 0.345 5197.7 30
  36 0.355 6569.3 29.981
  37 0.365 5050.1 29.9326
  38 0.375 6716.9 30.0011
  39 0.385 5050.3 30.0183
  40 0.395 4352.4 29.965
  41 0.405 4541.3 29.7256
  42 0.415 6521.5 30.0852
  43 0.425 349.5 31.5293
  44 0.435 1 238.333
  45 0.445 0 0
  46 0.455 0.8 3821.32
  47 0.465 1.8 3205.1
  48 0.475 0.4 4656.23
  49 0.485 0 0
  50 0.495 0 0
  51 0.505 0 0
  52 0.515 0 0
  53 0.525 0 0
  54 0.535 0 0
  55 0.545 0 0
  56 0.555 1 -378.915
  57 0.565 2.4 -190.867
  58 0.575 325.6 -36.7631
  59 0.585 6445.3 -30.0944
  60 0.595 4615.9 -29.5736
  61 0.605 4321.5 -29.877
  62 0.615 5049.3 -30.0452
  63 0.625 6722.7 -30.0573
  64 0.635 5043.3 -29.9661
  65 0.645 6641.3 -29.9887
  66 0.655 5126.8 -29.7269
  67 0.665 6006.3 -29.7231
  68 0.675 5761 -29.5064
  69 0.685 5404.3 -29.6984
  70 0.695 6363 -29.5636
  71 0.705 4276.7 -29.323
  72 0.715 3651.8 -29.6249
  73 0.725 3760.6 -30.1009
  74 0.735 3959.6 -30.035
  75 0.745 4676.3 -30.0553
  76 0.755 5230.3 -29.9934
  77 0.765 6651.7 -29.659
  78 0.775 5116.3 -29.6694
  79 0.785 6309.9 -29.9536
  80 0.795 5457.2 -29.9132
  81 0.805 5531.3 -29.5402
  82 0.815 6236.6 -29.8486
  83 0.825 5166.9 -29.9797
  84 0.835 6600.1 -30.0031
  85 0.845 3695.2 -30.1125
  86 0.855 3658.9 -29.899
  87 0.865 3696.1 -29.9375
  88 0.875 3698.2 -30.0365
  89 0.885 5518.3 -30.01
  90 0.895 5288.3 -29.9832
  91 0.905 6471.3 -29.9604
  92 0.915 5295.7 -29.9524
  93 0.925 5696.2 -29.9475
  94 0.935 6070.8 -29.9908
  95 0.945 5205.8 -30.0226
  96 0.955 6561.2 -30.0151
  97 0.965 5189.2 -29.9796
  98 0.975 6352.8 -29.9739
  99 0.985 3409.1 -29.9525
  100 0.995 3711.1 -29.88
180 100 440002
  1 0.005 3710.4 29.855
  2 0.015 3455.7 29.4531
  3 0.025 6392.1 29.7364
  4 0.035 5101.9 29.4267
  5 0.045 6651.2 29.4333
  6 0.055 5116.3 28.886
  7 0.065 6234.9 29.4186
  8 0.075 5532.6 29.0067
  9 0.085 5531.6 29.2451
  10 0.095 6235.7 29.6016
  11 0.105 5388.3 29.6012
  12 0.115 5415.1 29.606
  13 0.125 3715.7 30.0033
  14 0.135 3682.1 30.0593
  15 0.145 3668.6 30.0007
  16 0.155 3685.4 29.9752
  17 0.165 6557.2 30.0123
  18 0.175 5209.8 29.9901
  19 0.185 6151.5 30.0206
  20 0.195 5615.5 30.0551
  21 0.205 5349.1 29.9691
  22 0.215 6416.9 29.9751
  23 0.225 5090.1 30.3052
  24 0.235 6677.8 30.2928
  25 0.245 5222.4 30.0894
  26 0.255 4652.9 29.8691
  27 0.265 3957.7 29.7504
  28 0.275 3786.3 29.2632
  29 0.285 3650.4 29.4173
  30 0.295 4286.4 29.4187
  31 0.305 6195.8 29.9838
  32 0.315 5571.2 29.9583
  33 0.325 5535.4 30.0179
  34 0.335 6231.6 29.9859
  35 0.345 5078.8 30.0063
  36 0.355 6688.2 29.9786
  37 0.365 5043.7 29.9318
  38 0.375 6723.3 30.0003
  39 0.385 5047 30.0212
  40 0.395 4339.5 29.9588
  41 0.405 4493.6 29.7018
  42 0.415 6570.1 30.1142
  43 0.425 364.8 31.2469
  44 0.435 1 238.333
  45 0.445 0 0
  46 0.455 0 0
  47 0.465 0.3 3702.05
  48 0.475 1.9 3080.59
  49 0.485 0.5 4656.23
  50 0.495 0.3 4656.23
  51 0.505 0 0
  52 0.515 0 0
  53 0.525 0 0
  54 0.535 0 0
  55 0.545 0 0
  56 0.555 1 -378.915
  57 0.565 3.1 -238.182
  58 0.575 345.9 -36.1995
  59 0.585 6488.9 -30.0427
  60 0.595 4572.3 -29.605
  61 0.605 4306.1 -29.8892
  62 0.615 5043.7 -30.0432
  63 0.625 6724 -30.0561
  64 0.635 5042 -29.9675
  65 0.645 6710.6 -30.0135
  66 0.655 5057.4 -29.9873
  67 0.665 6370.6 -29.9771
  68 0.675 5396.4 -30.0321
  69 0.685 5622.6 -29.9824
  70 0.695 6144.4 -30.0387
  71 0.705 4280.6 -30.0313
  72 0.715 3662.5 -30.0359
  73 0.725 3773.4 -29.2998
  74 0.735 3995.1 -29.2743
  75 0.745 4664.7 -29.7401
  76 0.755 5179.4 -29.4066
  77 0.765 6698.6 -29.738
  78 0.775 5068.8 -29.3829
  79 0.785 6494.2 -29.5828
  80 0.795 5273.7 -29.762
  81 0.805 5719 -29.9988
  82 0.815 6048.3 -29.8369
  83 0.825 5239.9 -29.5119
  84 0.835 6527.8 -30.0064
  85 0.845 3698.3 -30.1139
  86 0.855 3657.9 -29.8985
  87 0.865 3699.8 -29.9337
  88 0.875 3707.2 -30.0363
  89 0.885 5544.2 -30.0141
  90 0.895 5247.6 -29.9814
  91 0.905 6530.4 -29.9591
  92 0.915 5236.6 -29.9533
  93 0.925 5776 -29.9443
  94 0.935 5991 -29.9962
  95 0.945 5225.7 -30.0203
  96 0.955 6541.3 -30.0156
  97 0.965 5196.4 -29.9796
  98 0.975 6343.4 -29.9734
  99 0.985 3414.4 -29.954
  100 0.995 3708.1 -29.8604
190 100 440001
  1 0.005 3712.1 29.4484
  2 0.015 3455.4 29.4526
  3 0.025 6385.3 29.9879
  4 0.035 5107.7 30.0592
  5 0.045 6638 30.0092
  6 0.055 5129 29.9458
  7 0.065 6167.5 30.0301
  8 0.075 5599.5 29.9915
  9 0.085 5461.7 30.0449
  10 0.095 6305.3 29.954
  11 0.105 5343.5 30.0053
  12 0.115 5442.5 30.0142
  13 0.125 3726.5 30.0052
  14 0.135 3688.5 30.057
  15 0.145 3667 30.0013
  16 0.155 3687 29.9818
  17 0.165 6468.3 30.0098
  18 0.175 5298.7 29.9924
  19 0.185 5926.7 30.0209
  20 0.195 5840.3 30.0513
  21 0.205 5200.1 29.9724
  22 0.215 6565.9 29.9744
  23 0.225 5057.4 29.9746
  24 0.235 6709.9 29.5832
  25 0.245 5162.1 29.9043
  26 0.255 4649.6 29.9341
  27 0.265 3984.8 29.5255
  28 0.275 3804.8 29.9675
  29 0.285 3660.1 30.1388
  30 0.295 4295.3 30.0361
  31 0.305 5953.5 29.9848
  32 0.315 5813.5 29.9597
  33 0.325 5237.3 30.0226
  34 0.335 6529.7 29.9826
  35 0.345 5048.9 30.0071
  36 0.355 6718.1 29.9799
  37 0.365 5043 29.9305
  38 0.375 6724 30.0001
  39 0.385 5046.1 30.0233
  40 0.395 4327.5 29.9562
  41 0.405 4433.5 29.7205
  42 0.415 6620.9 30.0948
  43 0.425 387 31.1971
  44 0.435 1 238.333
  45 0.445 0 0
  46 0.455 0 0
  47 0.465 0 0
  48 0.475 0 0
  49 0.485 1.6 2844.8
  50 0.495 0.6 4020.11
  51 0.505 0.6 4656.23
  52 0.515 0.2 4656.23
  53 0.525 0 0
  54 0.535 0 0
  55 0.545 0 0
  56 0.555 1 -378.915
  57 0.565 4 -228.368
  58 0.575 371.4 -35.7081
  59 0.585 6529.3 -30.0228
  60 0.595 4521.6 -29.6095
  61 0.605 4290.7 -29.9015
  62 0.615 5043 -30.0401
  63 0.625 6724 -30.0547
  64 0.635 5042 -29.9695
  65 0.645 6726.2 -30.0416
  66 0.655 5041.8 -29.9474
  67 0.665 6594.9 -29.9833
  68 0.675 5172.1 -30.0257
  69 0.685 5860.1 -29.991
  70 0.695 5906.9 -30.0336
  71 0.705 4287.8 -30.0312
  72 0.715 3674 -30.037
  73 0.725 3782.4 -30.1013
  74 0.735 4021 -30.0242
  75 0.745 4659.1 -30.0725
  76 0.755 5130.7 -29.9899
  77 0.765 6715.7 -29.9649
  78 0.775 5051.3 -30.0564
  79 0.785 6604.4 -29.496
  80 0.795 5163.2 -29.4667
  81 0.805 5943.7 -29.0866
  82 0.815 5824.4 -29.4191
  83 0.825 5341.3 -29.6998
  84 0.835 6426.7 -29.1643
  85 0.845 3704.5 -29.8493
  86 0.855 3654.9 -29.8971
  87 0.865 3701 -29.9307
  88 0.875 3717.3 -30.0379
  89 0.885 5566.5 -30.0178
  90 0.895 5211.1 -29.9789
  91 0.905 6577.6 -29.9544
  92 0.915 5189.4 -29.9586
  93 0.925 5855.4 -29.9403
  94 0.935 5911.6 -30.0026
  95 0.945 5250.5 -30.0169
  96 0.955 6516.7 -30.5462
  97 0.965 5205.3 -30.2893
  98 0.975 6334 -30.4799
  99 0.985 3415.5 -30.4338
  100 0.995 3707.5 -30.7404
200 100 440001
  1 0.005 3713.1 29.8935
  2 0.015 3454.9 29.9204
  3 0.025 6378.6 29.9879
  4 0.035 5114.8 30.0573
  5 0.045 6617.7 30.0101
  6 0.055 5149.3 29.9447
  7 0.065 6089.5 30.0305
  8 0.075 5677.5 29.9921
  9 0.085 5387.3 30.0446
  10 0.095 6379.7 29.9551
  11 0.105 5298.6 30.0028
  12 0.115 5474 30.013
  13 0.125 3732.9 30.0049
  14 0.135 3695.3 30.0556
  15 0.145 3667 30.0017
  16 0.155 3687.2 29.9892
  17 0.165 6370.7 30.0116
  18 0.175 5396.3 29.9894
  19 0.185 5694.1 30.0213
  20 0.195 6073.1 29.7564
  21 0.205 5103.5 29.4516
  22 0.215 6663 29.7123
  23 0.225 5046.8 29.452
  24 0.235 6720.5 29.9746
  25 0.245 5123.1 30.0164
  26 0.255 4618.9 29.6902
  27 0.265 4015.4 30.6456
  28 0.275 3818.7 30.4404
  29 0.285 3671.4 30.1356
  30 0.295 4308.5 30.0359
  31 0.305 5740.1 29.9848
  32 0.315 6026.9 29.9623
  33 0.325 5103.9 30.0275
  34 0.335 6663.1 29.9784
  35 0.345 5044.2 30.0079
  36 0.355 6722.8 29.981
  37 0.365 5043 29.9292
  38 0.375 6724 30
  39 0.385 5045 30.026
  40 0.395 4308.2 29.9503
  41 0.405 4397.5 29.774
  42 0.415 6655.5 30.0703
  43 0.425 408.8 30.935
  44 0.435 1 238.333
  45 0.445 0 0
  46 0.455 0 0
  47 0.465 0 0
  48 0.475 0 0
  49 0.485 0.1 2330.44
  50 0.495 1.2 2673.35
  51 0.505 0.7 3702.05
  52 0.515 0.3 4656.23
  53 0.525 0.5 4656.23
  54 0.535 0.2 4656.23
  55 0.545 0 0
  56 0.555 1 -378.915
  57 0.565 4 -228.179
  58 0.575 394.8 -35.53
  59 0.585 6579.3 -30.0034
  60 0.595 4464 -29.6321
  61 0.605 4274.9 -29.9126
  62 0.615 5043 -30.0395
  63 0.625 6724 -30.053
  64 0.635 5042 -29.9719
  65 0.645 6727 -30.04
  66 0.655 5041 -29.9468
  67 0.665 6684.2 -29.9832
  68 0.675 5082.8 -30.0255
  69 0.685 6110.3 -29.9951
  70 0.695 5656.7 -30.0323
  71 0.705 4297.3 -30.0307
  72 0.715 3686 -30.0404
  73 0.725 3804 -30.0994
  74 0.735 4031.8 -30.0212
  75 0.745 4643.4 -30.0771
  76 0.755 5092.5 -29.9889
  77 0.765 6722.3 -29.9648
  78 0.775 5044.7 -30.0553
  79 0.785 6678.7 -29.9538
  80 0.795 5088.3 -29.9963
  81 0.805 6172.1 -30.0166
  82 0.815 5595.4 -29.6309
  83 0.825 5457.7 -29.6178
  84 0.835 6309.8 -29.9903
  85 0.845 3711.3 -29.263
  86 0.855 3652.5 -28.6301
  87 0.865 3704.4 -29.1098
  88 0.875 3725.2 -30.8357
  89 0.885 5580.9 -29.8804
  90 0.895 5183.1 -29.8266
  91 0.905 6612.5 -30.2908
  92 0.915 5154.7 -30.3942
  93 0.925 5945.3 -30.3174
  94 0.935 5821.9 -30.3888
  95 0.945 5270.4 -30.4361
  96 0.955 6496.7 -29.7582
  97 0.965 5218.5 -29.9812
  98 0.975 6320.5 -29.9689
  99 0.985 3416.2 -29.9668
  100 0.995 3705.4 -29.8693
