# Chunk-averaged data for fix temp_bias and group all
# Timestep Number-of-chunks Total-count
# Chunk Coord1 Ncount temp
10 100 437844
  1 0.005 5043 303.183
  2 0.015 6723 298.716
  3 0.025 5044 302.177
  4 0.035 5043 309.398
  5 0.045 6265.8 296.671
  6 0.055 3360.8 305.12
  7 0.065 3397.3 299.335
  8 0.075 3308.9 298.085
  9 0.085 3598.7 297.143
  10 0.095 5089.2 304.938
  11 0.105 5577.3 302.074
  12 0.115 5043 307.561
  13 0.125 6548 297.632
  14 0.135 5219 296.088
  15 0.145 5043 306.285
  16 0.155 6544 303.857
  17 0.165 5223 295.852
  18 0.175 5043 303.755
  19 0.185 6076.9 298.386
  20 0.195 4027.8 298.221
  21 0.205 3586.9 300.908
  22 0.215 3251.4 295.492
  23 0.225 3542.1 304.834
  24 0.235 4012.1 301.216
  25 0.245 6100.8 299.672
  26 0.255 5043 295.335
  27 0.265 5235.6 295.695
  28 0.275 6531.4 296.395
  29 0.285 5043 301.669
  30 0.295 5218.5 299.997
  31 0.305 6548.5 301.297
  32 0.315 5043 296.016
  33 0.325 5555.7 300.863
  34 0.335 5021.3 306.044
  35 0.345 3473.9 303.618
  36 0.355 3456.3 296.29
  37 0.365 3622.3 298.672
  38 0.375 3541.8 296.984
  39 0.385 5619.7 305.012
  40 0.395 5305.7 297.002
  41 0.405 5530.4 300.769
  42 0.415 5535.1 298.332
  43 0.425 6460.1 297.397
  44 0.435 5193.1 348.506
  45 0.445 263.6 288.335
  46 0.455 0 0
  47 0.465 0 0
  48 0.475 0 0
  49 0.485 0 0
  50 0.495 0 0
  51 0.505 0 0
  52 0.515 0 0
  53 0.525 0 0
  54 0.535 0 0
  55 0.545 0 0
  56 0.555 150.1 282.461
  57 0.565 5045 1188.3
  58 0.575 6580 302.033
  59 0.585 5602.2 301.633
  60 0.595 5443 298.072
  61 0.605 5629.6 298.65
  62 0.615 5317.4 299.706
  63 0.625 3600.8 301.344
  64 0.635 3629.2 301.495
  65 0.645 3422 294.544
  66 0.655 3464.2 301.185
  67 0.665 4971.9 293.731
  68 0.675 5659.6 303.297
  69 0.685 5043 296.64
  70 0.695 6350.3 305.468
  71 0.705 5416.7 305.402
  72 0.715 5043 297.437
  73 0.725 6254.5 290.464
  74 0.735 5512.5 302.213
  75 0.745 5043 300.885
  76 0.755 5958.3 294.915
  77 0.765 4065.9 296.259
  78 0.775 3483.4 299.636
  79 0.785 3249.5 301.163
  80 0.795 3620.4 303.515
  81 0.805 4025.5 303.728
  82 0.815 6195 298.407
  83 0.825 5043 296.778
  84 0.835 5076.5 292.382
  85 0.845 6690.5 306.747
  86 0.855 5043 298.313
  87 0.865 5072.8 299.36
  88 0.875 6694.2 298.665
  89 0.885 5043 302.672
  90 0.895 5313.8 303.032
  91 0.905 5169.6 299.649
  92 0.915 3652.3 307.097
  93 0.925 3271.6 294.932
  94 0.935 3467.6 302.131
  95 0.945 3393.3 303.257
  96 0.955 6327.8 300.524
  97 0.965 5045 307.125
  98 0.975 5043 301.493
  99 0.985 6724 301.734
  100 0.995 5043 301.026
20 100 437844
  1 0.005 5043 303.279
  2 0.015 6723 298.931
  3 0.025 5044 303.011
  4 0.035 5043 309.733
  5 0.045 6255.8 297.376
  6 0.055 3345.3 304.688
  7 0.065 3380.7 298.993
  8 0.075 3316.4 298.209
  9 0.085 3602.3 296.814
  10 0.095 5051.9 305.954
  11 0.105 5645.6 301.978
  12 0.115 5043 307.637
  13 0.125 6447.3 297.626
  14 0.135 5319.7 296.004
  15 0.145 5043 306.929
  16 0.155 6383.1 304.102
  17 0.165 5383.9 295.948
  18 0.175 5043 303.989
  19 0.185 5998.7 298.232
  20 0.195 4042.2 299.4
  21 0.205 3525.7 298.723
  22 0.215 3251 296.239
  23 0.225 3599.2 303.784
  24 0.235 4002.2 301.484
  25 0.245 6179 300.406
  26 0.255 5043 295.046
  27 0.265 5102.7 295.047
  28 0.275 6664.3 296.335
  29 0.285 5043 301.523
  30 0.295 5089.5 300.257
  31 0.305 6677.5 301.748
  32 0.315 5043 295.53
  33 0.325 5379.5 300.874
  34 0.335 5079.6 306.176
  35 0.345 3474.6 303.606
  36 0.355 3490.6 295.62
  37 0.365 3640 298.781
  38 0.375 3575.3 297.847
  39 0.385 5558.9 304.555
  40 0.395 5368.3 297.501
  41 0.405 5471.2 300.859
  42 0.415 5595.6 299.411
  43 0.425 6386.8 302.457
  44 0.435 5283.6 351.46
  45 0.445 275 299.783
  46 0.455 0 0
  47 0.465 0 0
  48 0.475 0 0
  49 0.485 0 0
  50 0.495 0 0
  51 0.505 0 0
  52 0.515 0 0
  53 0.525 0 0
  54 0.535 0 0
  55 0.545 0 0
  56 0.555 158.7 269.514
  57 0.565 5150 1408.83
  58 0.575 6515.5 304.204
  59 0.585 5593.1 301.676
  60 0.595 5457.3 299.211
  61 0.605 5659.2 298.206
  62 0.615 5262.1 300.856
  63 0.625 3593.1 301.449
  64 0.635 3660.9 300.652
  65 0.645 3489.3 296.001
  66 0.655 3456.3 301.948
  67 0.665 5037.2 293.995
  68 0.675 5482.3 303.196
  69 0.685 5043 296.294
  70 0.695 6566.1 305.153
  71 0.705 5200.9 306.123
  72 0.715 5043 297.01
  73 0.725 6528 291.26
  74 0.735 5239 302.661
  75 0.745 5043 300.176
  76 0.755 6054.2 295.114
  77 0.765 4055.7 296.332
  78 0.775 3551.6 300.812
  79 0.785 3201.4 300.178
  80 0.795 3573.1 303.624
  81 0.805 4035.1 302.962
  82 0.815 6126.9 298.179
  83 0.825 5043 296.548
  84 0.835 5132.3 292.96
  85 0.845 6634.7 305.576
  86 0.855 5043 298.11
  87 0.865 5099.1 299.717
  88 0.875 6667.9 299.315
  89 0.885 5043 302.557
  90 0.895 5378.4 303.588
  91 0.905 5150.8 298.532
  92 0.915 3653.3 307.53
  93 0.925 3273.8 296.667
  94 0.935 3439.3 300.723
  95 0.945 3379 302.398
  96 0.955 6321.9 300.667
  97 0.965 5044.5 305.905
  98 0.975 5043 302.354
  99 0.985 6724 302.101
  100 0.995 5043 300.188
30 100 437844
  1 0.005 5043 303.341
  2 0.015 6723.6 299.204
  3 0.025 5043.4 303.71
  4 0.035 5043 309.828
  5 0.045 6243.3 298.017
  6 0.055 3329.9 304.229
  7 0.065 3352.4 298.161
  8 0.075 3335 299.161
  9 0.085 3616.9 296.007
  10 0.095 5016.6 306.615
  11 0.105 5703.9 302.458
  12 0.115 5043 307.589
  13 0.125 6315.2 297.06
  14 0.135 5451.8 296.553
  15 0.145 5043 307.584
  16 0.155 6188 304.065
  17 0.165 5579 296.444
  18 0.175 5043 304.121
  19 0.185 5931 298.007
  20 0.195 4044.9 300.795
  21 0.205 3454.3 296.583
  22 0.215 3290.5 296.04
  23 0.225 3629.5 302.4
  24 0.235 3985.7 302.966
  25 0.245 6262.1 300.804
  26 0.255 5043 294.783
  27 0.265 5056.4 294.579
  28 0.275 6710.6 296.098
  29 0.285 5043 301.402
  30 0.295 5049.4 300.004
  31 0.305 6717.6 302.565
  32 0.315 5043 295.061
  33 0.325 5225.6 301.171
  34 0.335 5098.9 305.084
  35 0.345 3487.4 303.103
  36 0.355 3549 297.188
  37 0.365 3662.7 298.551
  38 0.375 3587.6 297.867
  39 0.385 5491.2 304.01
  40 0.395 5429.7 298.59
  41 0.405 5425.1 300.569
  42 0.415 5642.7 300.593
  43 0.425 6326.5 305.272
  44 0.435 5365.3 340.413
  45 0.445 287.3 300.367
  46 0.455 0 0
  47 0.465 0 0
  48 0.475 0 0
  49 0.485 0 0
  50 0.495 0 0
  51 0.505 0 0
  52 0.515 0 0
  53 0.525 0 0
  54 0.535 0 0
  55 0.545 0 0
  56 0.555 164 257.924
  57 0.565 5250.5 888.52
  58 0.575 6466.9 709.142
  59 0.585 5580 301.439
  60 0.595 5458 300.411
  61 0.605 5696.3 297.524
  62 0.615 5212.4 302.083
  63 0.625 3595.3 301.105
  64 0.635 3674.4 300.895
  65 0.645 3542.6 297.301
  66 0.655 3473.3 301.928
  67 0.665 5074.5 294.54
  68 0.675 5326.8 302.851
  69 0.685 5043 296.02
  70 0.695 6667.4 304.742
  71 0.705 5099.6 306.813
  72 0.715 5043 296.492
  73 0.725 6667.1 292.166
  74 0.735 5099.9 302.917
  75 0.745 5043 299.656
  76 0.755 6137.9 295.445
  77 0.765 4044.6 296.466
  78 0.775 3594.8 301.221
  79 0.785 3199.4 299.897
  80 0.795 3522.1 303.867
  81 0.805 4043.9 302.239
  82 0.815 6055.3 298.012
  83 0.825 5043 296.487
  84 0.835 5222.7 293.229
  85 0.845 6544.3 304.612
  86 0.855 5043 297.911
  87 0.865 5132.6 300.289
  88 0.875 6634.4 299.919
  89 0.885 5043 302.384
  90 0.895 5435.4 303.776
  91 0.905 5133.1 298.904
  92 0.915 3643.9 307.179
  93 0.925 3292.7 297.087
  94 0.935 3406.2 299.089
  95 0.945 3369.4 302.526
  96 0.955 6316.3 300.694
  97 0.965 5044 304.436
  98 0.975 5043 303.129
  99 0.985 6724 302.271
  100 0.995 5043 299.242
40 100 437844
  1 0.005 5043 303.385
  2 0.015 6723.8 299.454
  3 0.025 5043.2 304.346
  4 0.035 5043 309.656
  5 0.045 6224.4 298.392
  6 0.055 3326.5 303.704
  7 0.065 3332.5 298.556
  8 0.075 3351.6 299.307
  9 0.085 3615.4 295.068
  10 0.095 4992.2 307.432
  11 0.105 5755.4 302.906
  12 0.115 5043 307.418
  13 0.125 6149.7 297.121
  14 0.135 5617.3 296.336
  15 0.145 5043 308.208
  16 0.155 5976.7 303.75
  17 0.165 5790.3 297.231
  18 0.175 5043 304.142
  19 0.185 5862.3 298.479
  20 0.195 4044.2 300.653
  21 0.205 3383.9 296.981
  22 0.215 3346 294.48
  23 0.225 3661.8 301.532
  24 0.235 3942.5 303.019
  25 0.245 6357.3 301.4
  26 0.255 5043 294.561
  27 0.265 5046.5 293.885
  28 0.275 6720.5 296.046
  29 0.285 5043 301.32
  30 0.295 5043.2 300.016
  31 0.305 6723.8 303.129
  32 0.315 5043 294.643
  33 0.325 5131.5 301.171
  34 0.335 5070.9 304.66
  35 0.345 3510.7 301.968
  36 0.355 3598.7 299.375
  37 0.365 3680.5 297.942
  38 0.375 3605 297.418
  39 0.385 5404.2 303.948
  40 0.395 5504.6 298.899
  41 0.405 5375.6 300.322
  42 0.415 5684.7 301.562
  43 0.425 6271.4 306.571
  44 0.435 5440.5 334.357
  45 0.445 300.7 296.256
  46 0.455 0 0
  47 0.465 0 0
  48 0.475 0 0
  49 0.485 0 0
  50 0.495 0 0
  51 0.505 0 0
  52 0.515 0 0
  53 0.525 0 0
  54 0.535 0 0
  55 0.545 0 0
  56 0.555 168.9 274.313
  57 0.565 5344.1 734.425
  58 0.575 6430.4 816.315
  59 0.585 5559.9 302.003
  60 0.595 5453.2 300.779
  61 0.605 5725.3 297.534
  62 0.615 5178.1 302.758
  63 0.625 3602.5 300.515
  64 0.635 3680.3 301.78
  65 0.645 3590.1 298.599
  66 0.655 3490.8 302.041
  67 0.665 5076 294.631
  68 0.675 5215.4 302.391
  69 0.685 5043 295.853
  70 0.695 6715.2 304.921
  71 0.705 5051.8 306.541
  72 0.715 5043 295.874
  73 0.725 6715.3 293.481
  74 0.735 5051.7 302.668
  75 0.745 5043 299.324
  76 0.755 6225.7 295.634
  77 0.765 4017.1 297.659
  78 0.775 3622.7 301.201
  79 0.785 3248.3 299.534
  80 0.795 3439.6 303.673
  81 0.805 4060.2 301.639
  82 0.815 5984.4 298.159
  83 0.825 5043 296.618
  84 0.835 5365.6 293.689
  85 0.845 6401.4 303.489
  86 0.855 5043 297.743
  87 0.865 5198.3 301.151
  88 0.875 6568.7 300.332
  89 0.885 5043 302.172
  90 0.895 5493.8 304.191
  91 0.905 5120.8 298.765
  92 0.915 3632.1 307.17
  93 0.925 3307.2 296.671
  94 0.935 3378.9 297.979
  95 0.945 3354.4 302.837
  96 0.955 6309.8 300.823
  97 0.965 5044 302.78
  98 0.975 5043 303.781
  99 0.985 6724 302.256
  100 0.995 5043 298.245
50 100 437844
  1 0.005 5043 303.425
  2 0.015 6723.1 299.665
  3 0.025 5043.9 304.914
  4 0.035 5043 309.212
  5 0.045 6208.6 298.597
  6 0.055 3317.3 302.663
  7 0.065 3322 298.722
  8 0.075 3361.9 300.179
  9 0.085 3615.5 294.072
  10 0.095 4959.8 308.087
  11 0.105 5812.9 303.702
  12 0.115 5043 307.132
  13 0.125 5952.4 296.857
  14 0.135 5814.6 296.435
  15 0.145 5043 308.756
  16 0.155 5742 304.469
  17 0.165 6025 296.984
  18 0.175 5043 304.047
  19 0.185 5781.3 298.274
  20 0.195 4055.3 300.932
  21 0.205 3328.8 296.714
  22 0.215 3429.5 294.47
  23 0.225 3662.7 300.637
  24 0.235 3881.8 302.328
  25 0.245 6458.6 302.229
  26 0.255 5043 294.395
  27 0.265 5043 293.341
  28 0.275 6724 295.935
  29 0.285 5043 301.284
  30 0.295 5043 300.154
  31 0.305 6724 303.514
  32 0.315 5043 294.314
  33 0.325 5085 301.265
  34 0.335 5030.6 303.578
  35 0.345 3521.6 302.224
  36 0.355 3640 300.3
  37 0.365 3685.8 296.594
  38 0.375 3617.3 298.114
  39 0.385 5320.5 303.286
  40 0.395 5571 299.19
  41 0.405 5325.6 300.097
  42 0.415 5730.5 302.365
  43 0.425 6218.1 308.183
  44 0.435 5520 330.811
  45 0.445 313 286.629
  46 0.455 0 0
  47 0.465 0 0
  48 0.475 0 0
  49 0.485 0 0
  50 0.495 0 0
  51 0.505 0 0
  52 0.515 0 0
  53 0.525 0 0
  54 0.535 0 0
  55 0.545 0 0
  56 0.555 181.7 287.743
  57 0.565 5449.4 716.717
  58 0.575 6393 781.877
  59 0.585 5512.7 302.937
  60 0.595 5469.3 300.629
  61 0.605 5712.2 298.285
  62 0.615 5177.1 302.761
  63 0.625 3600.9 299.359
  64 0.635 3685.3 303.013
  65 0.645 3627.4 299.791
  66 0.655 3512.9 302.588
  67 0.665 5044.9 294.114
  68 0.675 5148.2 301.844
  69 0.685 5043 295.819
  70 0.695 6723.2 304.82
  71 0.705 5043.8 306.396
  72 0.715 5043 295.152
  73 0.725 6722.2 294.9
  74 0.735 5044.8 302.383
  75 0.745 5043 299.171
  76 0.755 6309.6 295.773
  77 0.765 3985.2 299.211
  78 0.775 3652.7 302.39
  79 0.785 3320.1 299.397
  80 0.795 3356 302.637
  81 0.805 4069.7 300.692
  82 0.815 5904.7 298.321
  83 0.825 5043 296.949
  84 0.835 5560.4 293.758
  85 0.845 6206.6 302.688
  86 0.855 5043 297.634
  87 0.865 5301.1 301.891
  88 0.875 6465.9 300.795
  89 0.885 5043 301.942
  90 0.895 5571.6 304.259
  91 0.905 5079.2 298.578
  92 0.915 3625.9 307.965
  93 0.925 3323.4 295.815
  94 0.935 3360.6 297.783
  95 0.945 3335.5 302.679
  96 0.955 6300.8 300.823
  97 0.965 5044 301.045
  98 0.975 5043 304.287
  99 0.985 6724 302.078
  100 0.995 5043 297.256
60 100 437844
  1 0.005 5043 303.475
  2 0.015 6723 299.853
  3 0.025 5044 305.384
  4 0.035 5043 308.51
  5 0.045 6191.6 298.48
  6 0.055 3305.1 302.387
  7 0.065 3315.3 298.981
  8 0.075 3376.5 300.157
  9 0.085 3618.9 294.033
  10 0.095 4918.3 307.922
  11 0.105 5872.3 304.885
  12 0.115 5043 306.744
  13 0.125 5762.8 297.58
  14 0.135 6004.2 295.541
  15 0.145 5043 309.184
  16 0.155 5527.6 305.05
  17 0.165 6239.4 296.893
  18 0.175 5043 303.839
  19 0.185 5689.5 298.708
  20 0.195 4065.1 300.757
  21 0.205 3317 298.187
  22 0.215 3483.6 292.403
  23 0.225 3674.8 299.844
  24 0.235 3824.6 301.927
  25 0.245 6543.4 302.69
  26 0.255 5043 294.295
  27 0.265 5043 292.723
  28 0.275 6724 295.983
  29 0.285 5043 301.299
  30 0.295 5043 300.356
  31 0.305 6723.2 303.761
  32 0.315 5043.8 294.094
  33 0.325 5056.2 301.103
  34 0.335 4994.7 303.365
  35 0.345 3530.4 301.158
  36 0.355 3667.8 300.462
  37 0.365 3692.7 296.071
  38 0.375 3621.5 298.904
  39 0.385 5231.9 302.838
  40 0.395 5637.6 299.06
  41 0.405 5280 300.516
  42 0.415 5767.1 302.54
  43 0.425 6166.4 309.008
  44 0.435 5608.1 333.295
  45 0.445 324.6 298.326
  46 0.455 0 0
  47 0.465 0 0
  48 0.475 0 0
  49 0.485 0 0
  50 0.495 0 0
  51 0.505 0 0
  52 0.515 0 0
  53 0.525 0 0
  54 0.535 0 0
  55 0.545 0 0
  56 0.555 199.4 3615.18
  57 0.565 5521.7 887.076
  58 0.575 6381.6 739.655
  59 0.585 5465.2 315.042
  60 0.595 5489.6 300.744
  61 0.605 5702.8 298.615
  62 0.615 5163.9 302.481
  63 0.625 3605.1 298.962
  64 0.635 3692.7 303.619
  65 0.645 3641.3 301.49
  66 0.655 3536.7 302.541
  67 0.665 5015.1 293.946
  68 0.675 5099.9 300.939
  69 0.685 5043.5 295.907
  70 0.695 6723.5 304.488
  71 0.705 5043 306.386
  72 0.715 5043 294.337
  73 0.725 6724 296.481
  74 0.735 5043 302.018
  75 0.745 5043.3 299.173
  76 0.755 6399.6 295.955
  77 0.765 3938.8 300.557
  78 0.775 3663 303.332
  79 0.785 3399.9 299.028
  80 0.795 3293.6 302.312
  81 0.805 4076.9 300.1
  82 0.815 5825.9 298.508
  83 0.825 5043 297.473
  84 0.835 5781.9 294.11
  85 0.845 5985.1 301.603
  86 0.855 5043 297.609
  87 0.865 5444.8 302.103
  88 0.875 6322.2 301.556
  89 0.885 5043 301.711
  90 0.895 5634.3 304.364
  91 0.905 5047.7 298.673
  92 0.915 3629 307.374
  93 0.925 3344.8 296.578
  94 0.935 3324.1 297.077
  95 0.945 3327.8 302.37
  96 0.955 6290.2 300.836
  97 0.965 5043.1 299.298
  98 0.975 5043 304.634
  99 0.985 6724 301.768
  100 0.995 5043 296.328
70 100 437844
  1 0.005 5043 303.549
  2 0.015 6723.3 300.013
  3 0.025 5043.7 305.76
  4 0.035 5043 307.58
  5 0.045 6169.6 298.456
  6 0.055 3305.5 302.091
  7 0.065 3303.9 299.173
  8 0.075 3390.7 299.858
  9 0.085 3614.4 294.587
  10 0.095 4887 307.444
  11 0.105 5926.9 305.885
  12 0.115 5043 306.272
  13 0.125 5575.6 297.982
  14 0.135 6191.4 295.006
  15 0.145 5043 309.454
  16 0.155 5349.6 305.8
  17 0.165 6417.4 296.636
  18 0.175 5043 303.527
  19 0.185 5607.9 298.926
  20 0.195 4069.7 300.993
  21 0.205 3313.8 299.555
  22 0.215 3546.1 291.156
  23 0.225 3671.2 299.474
  24 0.235 3776.1 300.53
  25 0.245 6612.6 303.12
  26 0.255 5043.6 294.234
  27 0.265 5043 292.13
  28 0.275 6724 296.154
  29 0.285 5043 301.362
  30 0.295 5043 300.595
  31 0.305 6718.3 303.89
  32 0.315 5048.7 293.998
  33 0.325 5049.2 300.521
  34 0.335 4940 303.613
  35 0.345 3545.6 299.651
  36 0.355 3692 300.338
  37 0.365 3698.6 296.266
  38 0.375 3624.7 299.559
  39 0.385 5149 302.721
  40 0.395 5699.8 297.972
  41 0.405 5239.1 301.345
  42 0.415 5792 302.055
  43 0.425 6105 310.807
  44 0.435 5708.9 333.918
  45 0.445 335.1 295.936
  46 0.455 0 0
  47 0.465 0 0
  48 0.475 0 0
  49 0.485 0 0
  50 0.495 0 0
  51 0.505 0 0
  52 0.515 0 0
  53 0.525 0 0
  54 0.535 0 0
  55 0.545 0 0
  56 0.555 212 8151.85
  57 0.565 5608.4 918.208
  58 0.575 6359.3 615.885
  59 0.585 5429.1 517.174
  60 0.595 5507.7 301.057
  61 0.605 5687.7 298.42
  62 0.615 5150.6 302.355
  63 0.625 3608 298.629
  64 0.635 3691.2 305.119
  65 0.645 3660.9 302.12
  66 0.655 3552.2 301.674
  67 0.665 4977.1 293.669
  68 0.675 5070.8 300.231
  69 0.685 5044.5 296.134
  70 0.695 6722.5 304.016
  71 0.705 5043 306.384
  72 0.715 5043 293.456
  73 0.725 6724 298.136
  74 0.735 5043 301.626
  75 0.745 5044 299.304
  76 0.755 6492 296.45
  77 0.765 3873.3 301.658
  78 0.775 3663.6 303.504
  79 0.785 3469.4 297.944
  80 0.795 3260.3 303.578
  81 0.805 4096.3 299.422
  82 0.815 5742.1 298.743
  83 0.825 5043 298.161
  84 0.835 6017.1 294.726
  85 0.845 5749.9 300.201
  86 0.855 5043 297.692
  87 0.865 5610.7 302.177
  88 0.875 6156.3 302.258
  89 0.885 5043 301.494
  90 0.895 5703.7 304.482
  91 0.905 5013.9 298.387
  92 0.915 3622.9 306.94
  93 0.925 3363.7 296.897
  94 0.935 3300.9 296.756
  95 0.945 3315.1 302.579
  96 0.955 6277.8 300.734
  97 0.965 5043 297.664
  98 0.975 5043 304.819
  99 0.985 6724 301.362
  100 0.995 5043 295.51
80 100 437844
  1 0.005 5043 303.66
  2 0.015 6724 300.144
  3 0.025 5043 306.045
  4 0.035 5043 306.469
  5 0.045 6152.1 298.39
  6 0.055 3283.8 302.235
  7 0.065 3297.2 299.172
  8 0.075 3421.8 299.649
  9 0.085 3609 295.297
  10 0.095 4858.2 306.574
  11 0.105 5975.9 306.822
  12 0.115 5043 305.741
  13 0.125 5397.7 297.602
  14 0.135 6369.3 295.177
  15 0.145 5043 309.538
  16 0.155 5218.2 306.227
  17 0.165 6548.8 296.627
  18 0.175 5043 303.126
  19 0.185 5521.8 298.995
  20 0.195 4085.2 301.672
  21 0.205 3326.3 299.871
  22 0.215 3596.3 291.026
  23 0.225 3671.4 298.502
  24 0.235 3731 299.928
  25 0.245 6663.1 303.201
  26 0.255 5045.9 294.247
  27 0.265 5043 291.608
  28 0.275 6722.7 296.415
  29 0.285 5044.3 301.504
  30 0.295 5043 300.843
  31 0.305 6705.9 303.9
  32 0.315 5061.1 294.062
  33 0.325 5045.4 299.851
  34 0.335 4899.5 303.427
  35 0.345 3555.5 298.956
  36 0.355 3706.7 299.781
  37 0.365 3705.3 296.791
  38 0.375 3616.1 299.828
  39 0.385 5078.9 302.223
  40 0.395 5748.3 297.155
  41 0.405 5223.1 301.229
  42 0.415 5797.9 301.687
  43 0.425 6057.1 310.808
  44 0.435 5794.6 333.566
  45 0.445 350.3 297.517
  46 0.455 0.3 0
  47 0.465 0 0
  48 0.475 0 0
  49 0.485 0 0
  50 0.495 0 0
  51 0.505 0 0
  52 0.515 0 0
  53 0.525 0 0
  54 0.535 0 0
  55 0.545 0 0
  56 0.555 231.2 660815
  57 0.565 5698.5 36522.4
  58 0.575 6330 15156.9
  59 0.585 5395.2 534.448
  60 0.595 5523.3 302.053
  61 0.605 5669.5 297.184
  62 0.615 5135.6 301.741
  63 0.625 3610.8 298.327
  64 0.635 3689.1 306.729
  65 0.645 3668.1 302.485
  66 0.655 3578.3 300.639
  67 0.665 4926.7 293.33
  68 0.675 5058.7 299.586
  69 0.685 5046.6 296.529
  70 0.695 6720.4 303.401
  71 0.705 5043 306.39
  72 0.715 5043 292.544
  73 0.725 6724 299.787
  74 0.735 5043 301.236
  75 0.745 5044 299.551
  76 0.755 6578.2 297.228
  77 0.765 3806.6 302.563
  78 0.775 3663.2 303.018
  79 0.785 3541.3 296.398
  80 0.795 3247 304.689
  81 0.805 4099.4 300.103
  82 0.815 5661.3 298.626
  83 0.825 5043 298.973
  84 0.835 6249.6 295.706
  85 0.845 5517.4 298.324
  86 0.855 5043 297.897
  87 0.865 5811.4 303.119
  88 0.875 5955.6 301.841
  89 0.885 5043 301.301
  90 0.895 5768.9 304.737
  91 0.905 4979.4 297.44
  92 0.915 3625.9 307.314
  93 0.925 3372.2 296.54
  94 0.935 3288.9 296.041
  95 0.945 3294.7 303.053
  96 0.955 6268 300.872
  97 0.965 5043 296.213
  98 0.975 5043 304.85
  99 0.985 6724 300.903
  100 0.995 5043 294.841
90 100 437844
  1 0.005 5043 303.816
  2 0.015 6724 300.239
  3 0.025 5043 306.254
  4 0.035 5043 305.236
  5 0.045 6131.9 298.162
  6 0.055 3268 302.055
  7 0.065 3293.5 299.462
  8 0.075 3445.5 299.661
  9 0.085 3611.2 296.279
  10 0.095 4823.4 305.726
  11 0.105 6024.5 307.417
  12 0.115 5043 305.174
  13 0.125 5271.8 296.997
  14 0.135 6495.2 295.48
  15 0.145 5043 309.418
  16 0.155 5137.4 306.211
  17 0.165 6629.6 296.88
  18 0.175 5043 302.659
  19 0.185 5432.2 299.263
  20 0.195 4120.2 302.114
  21 0.205 3343.3 298.896
  22 0.215 3629.2 292.244
  23 0.225 3673.2 297.627
  24 0.235 3703 299.066
  25 0.245 6686.7 303.413
  26 0.255 5053.2 294.186
  27 0.265 5043 291.196
  28 0.275 6714.3 296.745
  29 0.285 5052.7 301.714
  30 0.295 5043 301.072
  31 0.305 6652.1 303.941
  32 0.315 5114.9 294.179
  33 0.325 5043 299.133
  34 0.335 4867.9 303.177
  35 0.345 3564.5 298.067
  36 0.355 3715 298.962
  37 0.365 3706 297.547
  38 0.375 3604.8 299.94
  39 0.385 5021 302.174
  40 0.395 5785.8 296.154
  41 0.405 5220.1 301.282
  42 0.415 5773 300.777
  43 0.425 6032.4 310.85
  44 0.435 5879.4 329.866
  45 0.445 365.1 301.557
  46 0.455 1 0
  47 0.465 0 0
  48 0.475 0 0
  49 0.485 0 0
  50 0.495 0 0
  51 0.505 0 0
  52 0.515 0 0
  53 0.525 0.1 0
  54 0.535 0.5 0
  55 0.545 0.4 0
  56 0.555 240.9 12452.4
  57 0.565 5789.6 670.168
  58 0.575 6297.9 18288.7
  59 0.585 5378 25896.3
  60 0.595 5540.7 301.424
  61 0.605 5643 297.358
  62 0.615 5120.7 300.49
  63 0.625 3609.6 298.727
  64 0.635 3693.3 307.691
  65 0.645 3677.4 302.865
  66 0.655 3586.5 299.512
  67 0.665 4887.6 293.126
  68 0.675 5048.8 298.883
  69 0.685 5070.4 297.025
  70 0.695 6696.6 302.71
  71 0.705 5043 306.406
  72 0.715 5045.2 291.7
  73 0.725 6721.8 301.322
  74 0.735 5043 300.872
  75 0.745 5044.3 299.901
  76 0.755 6645 297.312
  77 0.765 3748.2 304.188
  78 0.775 3666.2 302.581
  79 0.785 3596.3 295.264
  80 0.795 3260.9 305.387
  81 0.805 4105.4 300.266
  82 0.815 5574.7 299.025
  83 0.825 5043 299.858
  84 0.835 6428.4 296.247
  85 0.845 5338.6 296.889
  86 0.855 5043 298.233
  87 0.865 6014.2 303.457
  88 0.875 5752.8 301.597
  89 0.885 5043 301.138
  90 0.895 5823.1 304.778
  91 0.905 4946.2 296.853
  92 0.915 3626.2 307.334
  93 0.925 3404.7 296.732
  94 0.935 3254.6 295.474
  95 0.945 3289.3 302.778
  96 0.955 6253.9 300.994
  97 0.965 5043 295.009
  98 0.975 5043 304.744
  99 0.985 6724 300.43
  100 0.995 5043 294.347
100 100 437844
  1 0.005 5043 304.022
  2 0.015 6724 300.301
  3 0.025 5043 306.402
  4 0.035 5043 303.945
  5 0.045 6105.3 297.567
  6 0.055 3271.4 302.243
  7 0.065 3275.8 300.169
  8 0.075 3471.6 300.145
  9 0.085 3615.4 296.698
  10 0.095 4782.4 304.543
  11 0.105 6076.1 308.083
  12 0.115 5043 304.6
  13 0.125 5183.8 296.982
  14 0.135 6583.2 295.289
  15 0.145 5043 309.09
  16 0.155 5089.2 306.088
  17 0.165 6677.8 297.131
  18 0.175 5043 302.157
  19 0.185 5344.8 299.688
  20 0.195 4147.8 301.876
  21 0.205 3379.7 299.659
  22 0.215 3651.7 292.688
  23 0.225 3674 296.837
  24 0.235 3687.6 297.991
  25 0.245 6677.4 303.609
  26 0.255 5078 294.25
  27 0.265 5043 290.925
  28 0.275 6671.4 296.976
  29 0.285 5095.6 302.133
  30 0.295 5043 301.251
  31 0.305 6492.5 304.158
  32 0.315 5274.5 294.315
  33 0.325 5043 298.311
  34 0.335 4833.4 302.95
  35 0.345 3583.6 297.357
  36 0.355 3715.3 298.199
  37 0.365 3706.8 298.085
  38 0.375 3597.5 300.083
  39 0.385 4987.3 301.282
  40 0.395 5799 295.759
  41 0.405 5222.2 301.584
  42 0.415 5729.8 299.541
  43 0.425 6009.5 311.754
  44 0.435 5970 331.067
  45 0.445 380.6 310.194
  46 0.455 1 0
  47 0.465 0 0
  48 0.475 0 0
  49 0.485 0 0
  50 0.495 0 0
  51 0.505 0.1 0
  52 0.515 0.5 0
  53 0.525 0.4 0
  54 0.535 0 0
  55 0.545 0 0
  56 0.555 252.9 12109.6
  57 0.565 5886.4 643.912
  58 0.575 6242.3 2762.06
  59 0.585 5380.1 6557.51
  60 0.595 5572.2 28860.8
  61 0.605 5592 8407.32
  62 0.615 5123.4 299.035
  63 0.625 3595.9 298.691
  64 0.635 3693.4 308.478
  65 0.645 3686.1 302.225
  66 0.655 3588.6 299.001
  67 0.665 4856.7 293.318
  68 0.675 5044 298.224
  69 0.685 5165.4 297.464
  70 0.695 6601.6 302.097
  71 0.705 5043 306.435
  72 0.715 5050.3 290.86
  73 0.725 6716.7 302.762
  74 0.735 5043 300.551
  75 0.745 5046.4 300.311
  76 0.755 6683.8 297.683
  77 0.765 3709.4 304.916
  78 0.775 3668.6 302.086
  79 0.785 3628.5 294.674
  80 0.795 3294.8 305.869
  81 0.805 4118.4 300.841
  82 0.815 5491.1 298.906
  83 0.825 5043 300.76
  84 0.835 6558.3 296.274
  85 0.845 5208.7 296.175
  86 0.855 5043 298.698
  87 0.865 6210.5 302.945
  88 0.875 5556.5 301.872
  89 0.885 5043 301.009
  90 0.895 5884.1 304.207
  91 0.905 4898.6 296.342
  92 0.915 3636.1 307.471
  93 0.925 3431.8 296.719
  94 0.935 3232.6 296.214
  95 0.945 3276.2 301.959
  96 0.955 6238.6 301.105
  97 0.965 5043 294.104
  98 0.975 5043 304.527
  99 0.985 6724 299.982
  100 0.995 5043 294.042
110 100 437844
  1 0.005 5043 304.28
  2 0.015 6723.5 300.327
  3 0.025 5043.5 306.508
  4 0.035 5043 302.665
  5 0.045 6082.6 297.29
  6 0.055 3265.2 301.778
  7 0.065 3264.7 300.683
  8 0.075 3503.7 300.765
  9 0.085 3616.5 297.606
  10 0.095 4740.9 303.251
  11 0.105 6124.4 308.347
  12 0.115 5043 304.045
  13 0.125 5121.6 296.374
  14 0.135 6645.4 295.571
  15 0.145 5043 308.561
  16 0.155 5064.9 305.541
  17 0.165 6702.1 297.633
  18 0.175 5043 301.651
  19 0.185 5268.9 300.685
  20 0.195 4170.7 300.869
  21 0.205 3420.1 299.813
  22 0.215 3664.3 293.93
  23 0.225 3674 296.207
  24 0.235 3677 296.944
  25 0.245 6621.5 303.597
  26 0.255 5144.5 294.599
  27 0.265 5043 290.814
  28 0.275 6547.6 297.408
  29 0.285 5219.4 302.267
  30 0.295 5043 301.352
  31 0.305 6197 303.767
  32 0.315 5570 295.451
  33 0.325 5043 297.493
  34 0.335 4809.9 302.961
  35 0.345 3593.8 296.4
  36 0.355 3715.1 297.79
  37 0.365 3709.1 298.211
  38 0.375 3586.4 300.269
  39 0.385 4960 300.612
  40 0.395 5810.6 294.674
  41 0.405 5225 302.261
  42 0.415 5675 298.304
  43 0.425 6008.3 312.026
  44 0.435 6044.3 330.852
  45 0.445 397.5 306.179
  46 0.455 1 0
  47 0.465 0 0
  48 0.475 0 0
  49 0.485 0.1 0
  50 0.495 0.5 0
  51 0.505 0.4 0
  52 0.515 0 0
  53 0.525 0 0
  54 0.535 0 0
  55 0.545 0 0
  56 0.555 269.7 11330.2
  57 0.565 5980.7 602.631
  58 0.575 6181.9 573.492
  59 0.585 5407.9 4824.83
  60 0.595 5572 300.873
  61 0.605 5551.1 20634.2
  62 0.615 5115.3 22395.8
  63 0.625 3593.1 298.854
  64 0.635 3688.6 308.426
  65 0.645 3690.8 302.597
  66 0.655 3589 297.652
  67 0.665 4830.9 293.836
  68 0.675 5043 297.542
  69 0.685 5348.9 298.258
  70 0.695 6418.1 301.207
  71 0.705 5043 306.477
  72 0.715 5083 290.135
  73 0.725 6684 304.048
  74 0.735 5043 300.283
  75 0.745 5058.6 300.515
  76 0.755 6696.9 298.184
  77 0.765 3685.9 305.094
  78 0.775 3673.6 301.365
  79 0.785 3645.3 294.498
  80 0.795 3326.9 306.108
  81 0.805 4151 300.61
  82 0.815 5402.8 299.406
  83 0.825 5043 301.62
  84 0.835 6636.5 295.606
  85 0.845 5130.5 296.568
  86 0.855 5043 299.28
  87 0.865 6361.8 302.743
  88 0.875 5405.2 301.438
  89 0.885 5043 300.913
  90 0.895 5944 303.518
  91 0.905 4858.2 295.836
  92 0.915 3634.7 307.059
  93 0.925 3460.2 297.143
  94 0.935 3212.9 296.877
  95 0.945 3267.4 301.299
  96 0.955 6220.6 301.234
  97 0.965 5043 293.528
  98 0.975 5043 304.229
  99 0.985 6724 299.589
  100 0.995 5043 293.923
120 100 437844
  1 0.005 5043 304.585
  2 0.015 6722.8 300.322
  3 0.025 5044.2 306.579
  4 0.035 5043 301.461
  5 0.045 6061.7 296.934
  6 0.055 3258.1 300.717
  7 0.065 3256.5 302.355
  8 0.075 3533.6 301.055
  9 0.085 3617 298.688
  10 0.095 4697 301.12
  11 0.105 6174.1 308.883
  12 0.115 5043 303.535
  13 0.125 5093.5 295.75
  14 0.135 6673.5 295.887
  15 0.145 5043 307.856
  16 0.155 5049.5 304.531
  17 0.165 6717.5 298.436
  18 0.175 5043 301.176
  19 0.185 5200 301.033
  20 0.195 4201.8 300.232
  21 0.205 3451.4 300.415
  22 0.215 3670.8 295.379
  23 0.225 3674 295.8
  24 0.235 3676 296.281
  25 0.245 6494.3 303.247
  26 0.255 5272.7 295.192
  27 0.265 5043 290.87
  28 0.275 6297.4 297.704
  29 0.285 5469.6 302.455
  30 0.295 5043 301.353
  31 0.305 5796.4 301.7
  32 0.315 5970.6 298.19
  33 0.325 5043 296.718
  34 0.335 4791.7 303.138
  35 0.345 3601.8 294.935
  36 0.355 3717 297.515
  37 0.365 3706.4 298.975
  38 0.375 3575.5 300.096
  39 0.385 4936.6 299.592
  40 0.395 5816.4 294.42
  41 0.405 5234.4 302.335
  42 0.415 5614.5 296.359
  43 0.425 5995.6 309.33
  44 0.435 6129.4 334.017
  45 0.445 415.7 314.601
  46 0.455 1 0
  47 0.465 0.1 0
  48 0.475 0.5 0
  49 0.485 0.4 0
  50 0.495 0 0
  51 0.505 0 0
  52 0.515 0 0
  53 0.525 0 0
  54 0.535 0 0
  55 0.545 0 0
  56 0.555 284 10654.5
  57 0.565 6071.1 596.367
  58 0.575 6126.3 582.419
  59 0.585 5425.7 2097.38
  60 0.595 5584.6 2812.24
  61 0.605 5513.4 327.202
  62 0.615 5095.4 13564.6
  63 0.625 3593.1 50167.3
  64 0.635 3681.6 308.494
  65 0.645 3692.8 302.428
  66 0.655 3598 296.529
  67 0.665 4805 294.294
  68 0.675 5043 297.036
  69 0.685 5677.3 298.963
  70 0.695 6089.7 300.341
  71 0.705 5043 306.527
  72 0.715 5220.9 289.385
  73 0.725 6546.1 305.493
  74 0.735 5043 300.073
  75 0.745 5098.4 300.856
  76 0.755 6664 298.37
  77 0.765 3680.6 305.111
  78 0.775 3673.6 300.699
  79 0.785 3661.4 294.129
  80 0.795 3369.3 305.916
  81 0.805 4156.7 301.092
  82 0.815 5337 299.629
  83 0.825 5043 302.383
  84 0.835 6682.8 295.25
  85 0.845 5084.2 296.828
  86 0.855 5043 299.96
  87 0.865 6502.6 302.672
  88 0.875 5264.4 300.405
  89 0.885 5043 300.849
  90 0.895 6000.2 302.996
  91 0.905 4821 294.872
  92 0.915 3635.5 306.467
  93 0.925 3475 296.991
  94 0.935 3207.4 298.254
  95 0.945 3254.9 300.301
  96 0.955 6204 301.674
  97 0.965 5043 293.289
  98 0.975 5043 303.882
  99 0.985 6724 299.275
  100 0.995 5043 293.977
130 100 437844
  1 0.005 5043 304.925
  2 0.015 6722 300.295
  3 0.025 5045 306.618
  4 0.035 5043 300.395
  5 0.045 6040.2 296.313
  6 0.055 3243 300.699
  7 0.065 3263 302.946
  8 0.075 3557.7 302.138
  9 0.085 3619.2 299.541
  10 0.095 4649.4 299.229
  11 0.105 6225.5 308.905
  12 0.115 5043 303.091
  13 0.125 5068.1 295.416
  14 0.135 6698.9 296.026
  15 0.145 5043 307.01
  16 0.155 5045.2 304.08
  17 0.165 6721.8 298.774
  18 0.175 5043 300.764
  19 0.185 5152.7 301.769
  20 0.195 4214.3 299.554
  21 0.205 3483.1 300.082
  22 0.215 3673.9 297.232
  23 0.225 3674 295.639
  24 0.235 3676 295.883
  25 0.245 6277.3 303.392
  26 0.255 5489.7 295.113
  27 0.265 5043 291.083
  28 0.275 5899.4 298.337
  29 0.285 5867.6 302.122
  30 0.295 5043 301.239
  31 0.305 5415.7 301.01
  32 0.315 6351.3 299.219
  33 0.325 5043 296.017
  34 0.335 4777.1 303.042
  35 0.345 3611.1 294.138
  36 0.355 3714.3 297.07
  37 0.365 3705.4 299.77
  38 0.375 3557.8 299.457
  39 0.385 4929.9 299.073
  40 0.395 5799.3 294.315
  41 0.405 5243.8 301.609
  42 0.415 5570.1 295.165
  43 0.425 5985.2 310.754
  44 0.435 6213.9 331.422
  45 0.445 427.2 71555.4
  46 0.455 1.5 5.08778e+07
  47 0.465 0.4 0
  48 0.475 0 0
  49 0.485 0 0
  50 0.495 0 0
  51 0.505 0 0
  52 0.515 0 0
  53 0.525 0 0
  54 0.535 0 0
  55 0.545 0.5 0
  56 0.555 305.2 7849.7
  57 0.565 6137.7 605.139
  58 0.575 6071.7 593.982
  59 0.585 5458.9 1040
  60 0.595 5608.9 3740.52
  61 0.605 5458.6 327.09
  62 0.615 5089.7 26422.8
  63 0.625 3578.4 37469.3
  64 0.635 3678.7 38237.6
  65 0.645 3698.5 38041.2
  66 0.655 3597.5 58493.1
  67 0.665 4786.6 29457.2
  68 0.675 5043.1 14147.6
  69 0.685 6081.1 300.391
  70 0.695 5685.9 298.522
  71 0.705 5043 306.578
  72 0.715 5491 289.98
  73 0.725 6276 306.1
  74 0.735 5043 299.917
  75 0.745 5200.6 300.836
  76 0.755 6563.2 298.79
  77 0.765 3679.2 304.633
  78 0.775 3674 300.134
  79 0.785 3672.9 293.871
  80 0.795 3405.6 305.547
  81 0.805 4172.3 301.073
  82 0.815 5273.2 300.181
  83 0.825 5043 303.004
  84 0.835 6711.2 294.948
  85 0.845 5055.8 297.309
  86 0.855 5043 300.708
  87 0.865 6600 302.449
  88 0.875 5167 299.198
  89 0.885 5043 300.818
  90 0.895 6050.4 302.494
  91 0.905 4789.1 293.849
  92 0.915 3635.2 305.979
  93 0.925 3488.7 296.444
  94 0.935 3198.9 299.212
  95 0.945 3249.6 300.044
  96 0.955 6186.1 302.008
  97 0.965 5043 293.376
  98 0.975 5043 303.524
  99 0.985 6724 299.054
  100 0.995 5043 294.177
140 100 437844
  1 0.005 5043 305.284
  2 0.015 6722 300.267
  3 0.025 5045 306.603
  4 0.035 5043 299.517
  5 0.045 6020.2 295.468
  6 0.055 3234.2 301.349
  7 0.065 3263.9 302.308
  8 0.075 3578.8 303.577
  9 0.085 3621.4 300.874
  10 0.095 4616.4 297.801
  11 0.105 6263.1 308.388
  12 0.115 5043 302.732
  13 0.125 5053.7 295.338
  14 0.135 6713.3 296.025
  15 0.145 5043 306.068
  16 0.155 5043.3 303.535
  17 0.165 6723.7 299.159
  18 0.175 5043 300.444
  19 0.185 5117.1 301.993
  20 0.195 4221.9 300.047
  21 0.205 3511 299.313
  22 0.215 3674 298.842
  23 0.225 3674 295.722
  24 0.235 3676 295.77
  25 0.245 6022.5 302.921
  26 0.255 5744.5 295.603
  27 0.265 5043 291.432
  28 0.275 5495.6 299.698
  29 0.285 6271.4 301.187
  30 0.295 5043 301.007
  31 0.305 5192.6 301.886
  32 0.315 6574.4 298.873
  33 0.325 5043 295.418
  34 0.335 4760.7 302.795
  35 0.345 3619.9 293.462
  36 0.355 3713.9 297.02
  37 0.365 3704.7 300.254
  38 0.375 3549.1 299.058
  39 0.385 4918.2 298.675
  40 0.395 5771.5 293.596
  41 0.405 5272.1 301.605
  42 0.415 5510.6 293.982
  43 0.425 5976.9 5375.59
  44 0.435 6293.1 24574.5
  45 0.445 445.3 273916
  46 0.455 1 0
  47 0.465 0 0
  48 0.475 0 0
  49 0.485 0 0
  50 0.495 0 0
  51 0.505 0 0
  52 0.515 0 0
  53 0.525 0 0
  54 0.535 0 0
  55 0.545 1 0
  56 0.555 323.6 5451.1
  57 0.565 6231.2 566.539
  58 0.575 6001.1 579.886
  59 0.585 5471.3 1051.98
  60 0.595 5651.4 17859.7
  61 0.605 5402.5 30172.3
  62 0.615 5081 6303.78
  63 0.625 3564.5 312.668
  64 0.635 3671 317.282
  65 0.645 3695.4 301.628
  66 0.655 3603.3 295.766
  67 0.665 4772.7 295.073
  68 0.675 5043.2 28100.7
  69 0.685 6418.7 22314.6
  70 0.695 5348.8 39925.4
  71 0.705 5043.2 28325.5
  72 0.715 5868.6 12329
  73 0.725 5898.5 306.957
  74 0.735 5043 299.804
  75 0.745 5375.4 301.057
  76 0.755 6390.3 298.913
  77 0.765 3677.3 303.92
  78 0.775 3674 299.605
  79 0.785 3675 293.71
  80 0.795 3447.5 304.911
  81 0.805 4188.2 301.22
  82 0.815 5213.3 300.626
  83 0.825 5043 303.445
  84 0.835 6719.9 294.764
  85 0.845 5047.1 297.908
  86 0.855 5043 301.49
  87 0.865 6662.5 301.955
  88 0.875 5104.5 298.104
  89 0.885 5043 300.819
  90 0.895 6105.6 301.86
  91 0.905 4740.8 292.923
  92 0.915 3640.8 304.847
  93 0.925 3510.6 295.878
  94 0.935 3200 300.722
  95 0.945 3233 300.591
  96 0.955 6167.2 301.999
  97 0.965 5043 293.755
  98 0.975 5043 303.186
  99 0.985 6724 298.928
  100 0.995 5043 294.488
150 100 437844
  1 0.005 5043 305.64
  2 0.015 6722 300.225
  3 0.025 5045 306.558
  4 0.035 5043 298.864
  5 0.045 5989.8 294.798
  6 0.055 3239.6 301.815
  7 0.065 3267.2 301.742
  8 0.075 3593.4 304.458
  9 0.085 3624.3 302.118
  10 0.095 4582.3 296.793
  11 0.105 6301.4 307.575
  12 0.115 5043 302.47
  13 0.125 5045.5 295.508
  14 0.135 6721.5 295.901
  15 0.145 5043 305.085
  16 0.155 5043 302.954
  17 0.165 6724 299.561
  18 0.175 5043 300.24
  19 0.185 5091.8 302.615
  20 0.195 4222.6 300.461
  21 0.205 3535.6 298.024
  22 0.215 3674 300.403
  23 0.225 3674 296.032
  24 0.235 3676 295.938
  25 0.245 5740.1 302.33
  26 0.255 6026.9 296.04
  27 0.265 5043 291.882
  28 0.275 5215.5 301.076
  29 0.285 6551.5 300.361
  30 0.295 5043 300.668
  31 0.305 5084.8 301.756
  32 0.315 6682.2 299.32
  33 0.325 5043 294.94
  34 0.335 4752 302.7
  35 0.345 3623.6 292.659
  36 0.355 3710.3 297.181
  37 0.365 3700.5 300.573
  38 0.375 3527.9 298.325
  39 0.385 4916.5 298.493
  40 0.395 5711.1 293.587
  41 0.405 5338 5928.92
  42 0.415 5455.5 28115.3
  43 0.425 5976.5 20489.4
  44 0.435 6357.4 339.01
  45 0.445 465.8 524.333
  46 0.455 1.9 144.338
  47 0.465 0 0
  48 0.475 0 0
  49 0.485 0 0
  50 0.495 0 0
  51 0.505 0 0
  52 0.515 0 0
  53 0.525 0 0
  54 0.535 0 0
  55 0.545 1 0
  56 0.555 342.4 5159.11
  57 0.565 6325.5 553.658
  58 0.575 5931.5 13486.1
  59 0.585 5488.8 26126.5
  60 0.595 5653.8 13144.4
  61 0.605 5388.9 957.511
  62 0.615 5056 1322.54
  63 0.625 3553.5 311.819
  64 0.635 3669.7 315.775
  65 0.645 3691 301.332
  66 0.655 3606.7 295.599
  67 0.665 4761.2 296.12
  68 0.675 5043 299.332
  69 0.685 6608.5 299.422
  70 0.695 5158.5 298.95
  71 0.705 5043 306.634
  72 0.715 6250.3 11648.1
  73 0.725 5517.1 39768.4
  74 0.735 5043.2 29278
  75 0.745 5631.7 26253.2
  76 0.755 6135.7 24139.2
  77 0.765 3676 303.014
  78 0.775 3674 299.164
  79 0.785 3675 293.624
  80 0.795 3481.9 303.881
  81 0.805 4213 301.355
  82 0.815 5154.1 301.185
  83 0.825 5043 303.681
  84 0.835 6723 294.759
  85 0.845 5044 298.536
  86 0.855 5043 302.267
  87 0.865 6692.1 301.263
  88 0.875 5074.9 297.135
  89 0.885 5043 300.851
  90 0.895 6152.3 300.537
  91 0.905 4700.5 292.88
  92 0.915 3645.6 303.267
  93 0.925 3532.7 296.524
  94 0.935 3206.2 301.857
  95 0.945 3211 300.873
  96 0.955 6149.7 301.914
  97 0.965 5043 294.381
  98 0.975 5043 302.901
  99 0.985 6724 298.89
  100 0.995 5043 294.867
160 100 437844
  1 0.005 5043 305.965
  2 0.015 6722 300.176
  3 0.025 5045 306.475
  4 0.035 5043 298.461
  5 0.045 5962.5 294.549
  6 0.055 3239.3 300.653
  7 0.065 3275 302.28
  8 0.075 3607.8 305.375
  9 0.085 3628.1 302.669
  10 0.095 4544.5 295.5
  11 0.105 6340.8 306.972
  12 0.115 5043 302.31
  13 0.125 5043 295.595
  14 0.135 6724 295.905
  15 0.145 5043 304.117
  16 0.155 5043 302.436
  17 0.165 6724 299.92
  18 0.175 5043 300.166
  19 0.185 5067.4 302.583
  20 0.195 4221.7 301.136
  21 0.205 3560.9 297.279
  22 0.215 3674 301.902
  23 0.225 3674 296.531
  24 0.235 3676 296.35
  25 0.245 5459.4 302.305
  26 0.255 6307.6 295.802
  27 0.265 5043 292.389
  28 0.275 5092.3 301.649
  29 0.285 6674.7 300.062
  30 0.295 5043 300.241
  31 0.305 5051.7 301.345
  32 0.315 6715.3 299.958
  33 0.325 5043 294.593
  34 0.335 4744.2 302.621
  35 0.345 3626.6 292.405
  36 0.355 3707.7 297.457
  37 0.365 3698.3 300.576
  38 0.375 3509.5 297.308
  39 0.385 4915.2 298.288
  40 0.395 5619.2 27147.7
  41 0.405 5432 27952.3
  42 0.415 5401 292.646
  43 0.425 5971.7 309.079
  44 0.435 6424.3 335.06
  45 0.445 485.3 469.143
  46 0.455 2 136.121
  47 0.465 0 0
  48 0.475 0 0
  49 0.485 0 0
  50 0.495 0 0
  51 0.505 0 0
  52 0.515 0 0
  53 0.525 0 0
  54 0.535 0 0
  55 0.545 1.4 240111
  56 0.555 358.2 163669
  57 0.565 6416.1 22841.3
  58 0.575 5857.1 14390.2
  59 0.585 5505.7 1993.31
  60 0.595 5643.2 2013.25
  61 0.605 5410.3 2087.42
  62 0.615 5026.5 1323.82
  63 0.625 3537.1 311.06
  64 0.635 3669.3 314.529
  65 0.645 3680.1 301.06
  66 0.655 3612.5 295.654
  67 0.665 4752.5 297.261
  68 0.675 5043 299.609
  69 0.685 6697.6 298.956
  70 0.695 5069.4 299.277
  71 0.705 5043 306.605
  72 0.715 6519.7 395.12
  73 0.725 5247.3 307.183
  74 0.735 5043 299.655
  75 0.745 5953.2 303.814
  76 0.755 5813.9 12985.4
  77 0.765 3676.2 40691
  78 0.775 3674.2 40654.6
  79 0.785 3675.3 60808.7
  80 0.795 3514.5 42322.5
  81 0.805 4209.9 301.164
  82 0.815 5124.8 301.81
  83 0.825 5043 303.699
  84 0.835 6723.4 294.888
  85 0.845 5043.6 299.226
  86 0.855 5043 302.998
  87 0.865 6706.2 300.473
  88 0.875 5060.8 296.287
  89 0.885 5043 300.916
  90 0.895 6206.7 299.466
  91 0.905 4654.4 292.716
  92 0.915 3644.2 301.776
  93 0.925 3546.9 297.166
  94 0.935 3219.1 302.943
  95 0.945 3198.5 301.041
  96 0.955 6128.2 301.807
  97 0.965 5043 295.193
  98 0.975 5043 302.693
  99 0.985 6724 298.923
  100 0.995 5043 295.268
170 100 437844
  1 0.005 5043 306.231
  2 0.015 6722 300.124
  3 0.025 5045 306.342
  4 0.035 5043 298.319
  5 0.045 5936.7 294.124
  6 0.055 3233.3 300.163
  7 0.065 3290.5 302.635
  8 0.075 3618.2 305.597
  9 0.085 3629.2 303.126
  10 0.095 4513.2 294.604
  11 0.105 6376.9 306.233
  12 0.115 5043 302.252
  13 0.125 5043 295.859
  14 0.135 6724 295.839
  15 0.145 5043 303.224
  16 0.155 5043 302.007
  17 0.165 6724 300.233
  18 0.175 5043 300.231
  19 0.185 5057.5 302.805
  20 0.195 4213.9 301.203
  21 0.205 3578.6 296.792
  22 0.215 3674 303.296
  23 0.225 3674 297.17
  24 0.235 3676 296.946
  25 0.245 5263.3 302.095
  26 0.255 6503.7 295.594
  27 0.265 5043 292.904
  28 0.275 5053.6 301.82
  29 0.285 6713.4 299.913
  30 0.295 5043 299.758
  31 0.305 5043.9 301.374
  32 0.315 6723.1 300.248
  33 0.325 5043 294.38
  34 0.335 4736.7 302.421
  35 0.345 3628.8 292.437
  36 0.355 3709.3 297.771
  37 0.365 3689.7 301.068
  38 0.375 3489.1 35029.8
  39 0.385 4918.9 37206.8
  40 0.395 5519.9 293.733
  41 0.405 5535 375.229
  42 0.415 5348.5 292.114
  43 0.425 5943.5 307.068
  44 0.435 6509.4 337.486
  45 0.445 506.2 415.627
  46 0.455 2 118.606
  47 0.465 0 0
  48 0.475 0 0
  49 0.485 0 0
  50 0.495 0 0
  51 0.505 0 0
  52 0.515 0 0
  53 0.525 0 0
  54 0.535 0.2 5.5924e-25
  55 0.545 2.9 2.61403e+07
  56 0.555 376.7 229388
  57 0.565 6485.1 637.723
  58 0.575 5815.9 1639.24
  59 0.585 5512.1 1798.81
  60 0.595 5632.6 1819.69
  61 0.605 5418.6 2163.11
  62 0.615 4992.7 1333.58
  63 0.625 3539.9 309.589
  64 0.635 3657.8 313.197
  65 0.645 3674.4 301.188
  66 0.655 3616.6 295.842
  67 0.665 4744.5 298.486
  68 0.675 5043 300.058
  69 0.685 6721.7 298.638
  70 0.695 5045.3 299.481
  71 0.705 5043 306.515
  72 0.715 6665 390.532
  73 0.725 5102 306.512
  74 0.735 5043 299.59
  75 0.745 6226.3 303.614
  76 0.755 5540.7 297.881
  77 0.765 3676 362.483
  78 0.775 3674 298.586
  79 0.785 3675 293.454
  80 0.795 3541.6 311.494
  81 0.805 4209.5 34904.2
  82 0.815 5098.4 43132.3
  83 0.825 5043.2 29169.7
  84 0.835 6724.2 21945.3
  85 0.845 5043.1 14737.6
  86 0.855 5043 303.647
  87 0.865 6717.2 299.704
  88 0.875 5049.8 295.519
  89 0.885 5043 301.015
  90 0.895 6241.5 298.384
  91 0.905 4626.9 292.834
  92 0.915 3640 300.467
  93 0.925 3565.9 298.491
  94 0.935 3220.3 302.747
  95 0.945 3201.3 301.937
  96 0.955 6102.1 301.447
  97 0.965 5043 296.126
  98 0.975 5043 302.581
  99 0.985 6724 299.003
  100 0.995 5043 295.648
180 100 437844
  1 0.005 5043 306.407
  2 0.015 6722 300.075
  3 0.025 5045 306.145
  4 0.035 5043 298.432
  5 0.045 5909.9 293.513
  6 0.055 3234.8 300.555
  7 0.065 3306.1 302.679
  8 0.075 3623.9 305.247
  9 0.085 3630.6 303.221
  10 0.095 4474.8 294.2
  11 0.105 6417.9 305.363
  12 0.115 5043 302.289
  13 0.125 5043 296.237
  14 0.135 6724 295.741
  15 0.145 5043 302.458
  16 0.155 5043 301.703
  17 0.165 6723.7 300.491
  18 0.175 5043.3 300.427
  19 0.185 5050.5 302.877
  20 0.195 4207.8 301.895
  21 0.205 3591 295.679
  22 0.215 3674.7 304.494
  23 0.225 3674 297.888
  24 0.235 3676 297.646
  25 0.245 5147.4 301.282
  26 0.255 6619.6 295.726
  27 0.265 5043 293.375
  28 0.275 5044.1 301.826
  29 0.285 6722.9 299.709
  30 0.295 5043 299.258
  31 0.305 5043 301.291
  32 0.315 6722.1 300.64
  33 0.325 5044.9 294.238
  34 0.335 4732.5 302.223
  35 0.345 3626.7 292.767
  36 0.355 3707.9 32990.2
  37 0.365 3688.9 41362.2
  38 0.375 3471.2 9022.79
  39 0.385 4914.6 306.986
  40 0.395 5450.9 293.756
  41 0.405 5606.8 371.935
  42 0.415 5297.3 291.617
  43 0.425 5916.4 307.383
  44 0.435 6596.5 336.679
  45 0.445 525 438.806
  46 0.455 2.3 132.459
  47 0.465 0 0
  48 0.475 0 0
  49 0.485 0 0
  50 0.495 0 0
  51 0.505 0 0
  52 0.515 0.3 5.5924e-25
  53 0.525 0.5 5.5924e-25
  54 0.535 0.2 5.5924e-25
  55 0.545 3 496806
  56 0.555 398.8 368.918
  57 0.565 6552.9 539.168
  58 0.575 5773.4 2448.95
  59 0.585 5515.5 1037.38
  60 0.595 5632.9 1807.62
  61 0.605 5412.4 2238.32
  62 0.615 4967.1 1333.66
  63 0.625 3532.1 307.87
  64 0.635 3656.9 311.308
  65 0.645 3667.8 301.256
  66 0.655 3618.9 296.909
  67 0.665 4737.3 299.444
  68 0.675 5043 300.657
  69 0.685 6724 298.334
  70 0.695 5043 299.74
  71 0.705 5043 306.347
  72 0.715 6708.9 388.186
  73 0.725 5058.1 305.338
  74 0.735 5043 299.515
  75 0.745 6438 303.552
  76 0.755 5329 297.745
  77 0.765 3676 358.51
  78 0.775 3674 298.444
  79 0.785 3675 293.343
  80 0.795 3564.6 310.631
  81 0.805 4207.7 301.425
  82 0.815 5076.7 302.482
  83 0.825 5043 303.094
  84 0.835 6724 295.636
  85 0.845 5043.2 29486.6
  86 0.855 5043.2 30316.9
  87 0.865 6720.4 22821.8
  88 0.875 5047 30284.7
  89 0.885 5043.2 30308.6
  90 0.895 6273.4 297.372
  91 0.905 4599.7 293.165
  92 0.915 3638.7 299.338
  93 0.925 3579.1 299.094
  94 0.935 3232.1 303.656
  95 0.945 3197.5 302.577
  96 0.955 6077.5 300.951
  97 0.965 5043 297.112
  98 0.975 5043 302.575
  99 0.985 6724 299.101
  100 0.995 5043 295.966
190 100 437844
  1 0.005 5043 306.467
  2 0.015 6722 300.034
  3 0.025 5045 305.87
  4 0.035 5043 298.782
  5 0.045 5877.5 292.919
  6 0.055 3241.3 300.931
  7 0.065 3325.3 302.403
  8 0.075 3630.9 305.035
  9 0.085 3630 302.888
  10 0.095 4431.9 294.273
  11 0.105 6461.1 304.313
  12 0.115 5043 302.407
  13 0.125 5043 296.711
  14 0.135 6724 295.614
  15 0.145 5043 301.866
  16 0.155 5043 301.551
  17 0.165 6722.2 300.666
  18 0.175 5044.8 300.772
  19 0.185 5047.5 302.883
  20 0.195 4202 302.575
  21 0.205 3599.5 294.474
  22 0.215 3675 305.532
  23 0.225 3674 298.623
  24 0.235 3676 298.36
  25 0.245 5072.7 301.029
  26 0.255 6694.3 295.381
  27 0.265 5043 293.756
  28 0.275 5043 301.797
  29 0.285 6724 299.378
  30 0.295 5043 298.786
  31 0.305 5043 301.17
  32 0.315 6715.9 301.017
  33 0.325 5051.1 294.216
  34 0.335 4732.1 19532.4
  35 0.345 3624.7 42146
  36 0.355 3703.7 16688.5
  37 0.365 3687.7 301.809
  38 0.375 3444.4 293.801
  39 0.385 4921.5 306.543
  40 0.395 5382.7 294.864
  41 0.405 5667.5 367.584
  42 0.415 5262.7 290.866
  43 0.425 5888 306.435
  44 0.435 6672.8 341.013
  45 0.445 546.2 436.397
  46 0.455 3 188.916
  47 0.465 0 0
  48 0.475 0 0
  49 0.485 0 0
  50 0.495 0.3 5.5924e-25
  51 0.505 0.5 5.5924e-25
  52 0.515 0.2 5.5924e-25
  53 0.525 0 0
  54 0.535 0.4 0
  55 0.545 2.6 361154
  56 0.555 415.5 354.033
  57 0.565 6608.3 538.796
  58 0.575 5751.8 2421.19
  59 0.585 5518.9 1029.89
  60 0.595 5619 1805.34
  61 0.605 5412.6 1958.29
  62 0.615 4952.8 1621.53
  63 0.625 3518.1 306.127
  64 0.635 3657.6 309.339
  65 0.645 3665.5 301.721
  66 0.655 3616 298.172
  67 0.665 4729.9 300.396
  68 0.675 5043.7 301.362
  69 0.685 6723.3 297.984
  70 0.695 5043 300.161
  71 0.705 5043 306.089
  72 0.715 6721.7 387.886
  73 0.725 5045.3 303.99
  74 0.735 5043 299.426
  75 0.745 6588.6 303.911
  76 0.755 5178.4 297.099
  77 0.765 3676 354.303
  78 0.775 3674 298.385
  79 0.785 3675 293.208
  80 0.795 3578.8 301.285
  81 0.805 4206.7 308.459
  82 0.815 5063.5 302.672
  83 0.825 5043 302.499
  84 0.835 6724 296.189
  85 0.845 5043 315.696
  86 0.855 5043 304.559
  87 0.865 6722.7 298.603
  88 0.875 5044.3 294.189
  89 0.885 5043.1 15259.5
  90 0.895 6309.7 24142.6
  91 0.905 4569.4 33217.8
  92 0.915 3637.3 41656.7
  93 0.925 3592.8 63099.5
  94 0.935 3246.9 303.526
  95 0.945 3188.3 304.542
  96 0.955 6054.5 300.153
  97 0.965 5043 298.089
  98 0.975 5043 302.676
  99 0.985 6724 299.186
  100 0.995 5043 296.191
200 100 437844
  1 0.005 5043 306.39
  2 0.015 6720.2 299.997
  3 0.025 5046.8 305.513
  4 0.035 5043 299.338
  5 0.045 5847.2 292.602
  6 0.055 3243.1 300.06
  7 0.065 3347.3 302.624
  8 0.075 3636.6 304.676
  9 0.085 3629.6 302.403
  10 0.095 4409.6 294.72
  11 0.105 6484.6 303.234
  12 0.115 5043 302.588
  13 0.125 5043 297.253
  14 0.135 6724 295.46
  15 0.145 5043 301.483
  16 0.155 5043 301.566
  17 0.165 6718.4 300.785
  18 0.175 5048.6 301.201
  19 0.185 5045.5 302.742
  20 0.195 4195.7 302.902
  21 0.205 3607.8 293.668
  22 0.215 3675 306.356
  23 0.225 3674 299.324
  24 0.235 3676 299
  25 0.245 5050.9 300.785
  26 0.255 6716.1 295.037
  27 0.265 5043 294.008
  28 0.275 5043 301.566
  29 0.285 6724 299.081
  30 0.295 5043 298.386
  31 0.305 5043 301.073
  32 0.315 6691.4 9415.36
  33 0.325 5076.3 30143.8
  34 0.335 4730.3 19385.8
  35 0.345 3622.4 294.617
  36 0.355 3700.9 299.32
  37 0.365 3683.4 301.957
  38 0.375 3417.6 293.7
  39 0.385 4930.1 305.628
  40 0.395 5317.4 295.859
  41 0.405 5718.5 363.4
  42 0.415 5232.3 290.253
  43 0.425 5861.4 305.879
  44 0.435 6751.6 342.498
  45 0.445 567.4 412.513
  46 0.455 3 182.922
  47 0.465 0 0
  48 0.475 0.3 5.5924e-25
  49 0.485 0.5 5.5924e-25
  50 0.495 0.2 5.5924e-25
  51 0.505 0 0
  52 0.515 0 0
  53 0.525 0 0
  54 0.535 1 0
  55 0.545 2 55936.9
  56 0.555 437.3 375.404
  57 0.565 6674 539.163
  58 0.575 5722.5 2426.22
  59 0.585 5514.5 1025.22
  60 0.595 5604.6 1822.37
  61 0.605 5414.6 1592.76
  62 0.615 4935.4 1939.18
  63 0.625 3506.8 304.967
  64 0.635 3663.6 307.785
  65 0.645 3658.3 302.056
  66 0.655 3606.6 299.712
  67 0.665 4727.8 301.313
  68 0.675 5052.4 302.107
  69 0.685 6714.6 297.664
  70 0.695 5043 300.669
  71 0.705 5043 305.734
  72 0.715 6723.8 389.429
  73 0.725 5043.2 302.366
  74 0.735 5043 299.324
  75 0.745 6665.9 303.132
  76 0.755 5101.1 297.994
  77 0.765 3676 350.606
  78 0.775 3674 298.391
  79 0.785 3675 293.055
  80 0.795 3590 300.039
  81 0.805 4206.9 308.771
  82 0.815 5052.1 302.666
  83 0.825 5043.5 301.743
  84 0.835 6723.5 296.869
  85 0.845 5043 315.58
  86 0.855 5043 304.773
  87 0.865 6723 298.228
  88 0.875 5044 293.852
  89 0.885 5043 301.658
  90 0.895 6351.4 296.484
  91 0.905 4528.6 294.009
  92 0.915 3638.8 298.283
  93 0.925 3610.2 300.206
  94 0.935 3260.6 45829
  95 0.945 3174.3 46539.1
  96 0.955 6034.8 36783.2
  97 0.965 5043.2 29403.4
  98 0.975 5044.1 14864.3
  99 0.985 6723 299.246
  100 0.995 5043 296.301
210 100 437844
  1 0.005 5043.2 34061.9
  2 0.015 6719.3 25555
  3 0.025 5047.9 305.113
  4 0.035 5043 300.061
  5 0.045 5822.6 292.425
  6 0.055 3242.5 299.375
  7 0.065 3360 302.545
  8 0.075 3646.8 304.075
  9 0.085 3630.5 301.515
  10 0.095 4381.1 294.661
  11 0.105 6514.5 302.762
  12 0.115 5043 302.811
  13 0.125 5043 297.827
  14 0.135 6724 295.284
  15 0.145 5043 301.329
  16 0.155 5043 301.749
  17 0.165 6712.6 300.794
  18 0.175 5054.4 301.757
  19 0.185 5043.9 302.368
  20 0.195 4192.3 303.251
  21 0.205 3612.8 292.931
  22 0.215 3675 306.899
  23 0.225 3674 299.945
  24 0.235 3676 299.492
  25 0.245 5045.7 300.307
  26 0.255 6721.3 294.943
  27 0.265 5043 294.102
  28 0.275 5043 301.202
  29 0.285 6722.9 298.843
  30 0.295 5044.2 6376.11
  31 0.305 5043.6 36784.1
  32 0.315 6610 14311
  33 0.325 5157.3 294.999
  34 0.335 4729.2 301.539
  35 0.345 3617 295.982
  36 0.355 3704.2 300.143
  37 0.365 3669.9 301.977
  38 0.375 3399 293.462
  39 0.385 4928.7 305.221
  40 0.395 5282.3 296.428
  41 0.405 5747.8 359.912
  42 0.415 5209.6 290.395
  43 0.425 5829.9 303.609
  44 0.435 6820.1 341.417
  45 0.445 595.3 398.07
  46 0.455 3.4 2.20843e+07
  47 0.465 0.4 5.5924e-25
  48 0.475 0.2 5.5924e-25
  49 0.485 0 0
  50 0.495 0 0
  51 0.505 0 0
  52 0.515 0 0
  53 0.525 0 0
  54 0.535 1 0
  55 0.545 2 55936.9
  56 0.555 457.2 417.697
  57 0.565 6737.6 534.831
  58 0.575 5694.8 2414.26
  59 0.585 5516.4 1025.32
  60 0.595 5585.1 1828.97
  61 0.605 5419 1578.01
  62 0.615 4924.1 2027.16
  63 0.625 3489 306.083
  64 0.635 3660 306.857
  65 0.645 3657.2 302.076
  66 0.655 3601.6 301.278
  67 0.665 4724 302.143
  68 0.675 5092.6 302.625
  69 0.685 6674.4 297.537
  70 0.695 5043 301.23
  71 0.705 5043 305.282
  72 0.715 6724 390.349
  73 0.725 5043 300.635
  74 0.735 5043 299.216
  75 0.745 6705.6 302.491
  76 0.755 5061.4 298.798
  77 0.765 3676 347.6
  78 0.775 3674 298.45
  79 0.785 3675 292.901
  80 0.795 3602.7 300.047
  81 0.805 4199.7 308.217
  82 0.815 5046.6 302.495
  83 0.825 5044 300.851
  84 0.835 6723 297.656
  85 0.845 5043 315.085
  86 0.855 5043 304.813
  87 0.865 6723 298.005
  88 0.875 5044 293.753
  89 0.885 5043 301.874
  90 0.895 6392.8 296.416
  91 0.905 4488.3 294.361
  92 0.915 3640.4 298.269
  93 0.925 3618.5 300.62
  94 0.935 3275.9 569.633
  95 0.945 3169.1 305.563
  96 0.955 6013 299.068
  97 0.965 5043 299.807
  98 0.975 5044.4 14976.6
  99 0.985 6722.9 25055.9
  100 0.995 5043.3 51431.5
220 100 437844
  1 0.005 5043 305.771
  2 0.015 6719 310.213
  3 0.025 5048.2 33264
  4 0.035 5043.2 33289.3
  5 0.045 5800.2 28975
  6 0.055 3241.6 51614.9
  7 0.065 3376.6 49989.9
  8 0.075 3652.2 303.185
  9 0.085 3632 300.37
  10 0.095 4348.5 295.404
  11 0.105 6547.5 302.02
  12 0.115 5043 303.051
  13 0.125 5043 298.392
  14 0.135 6724 295.097
  15 0.145 5043 301.411
  16 0.155 5043 302.085
  17 0.165 6697.7 300.667
  18 0.175 5069.3 302.436
  19 0.185 5043 301.976
  20 0.195 4188.2 303.528
  21 0.205 3617.8 292.059
  22 0.215 3675 307.127
  23 0.225 3674 300.457
  24 0.235 3676 299.781
  25 0.245 5043.3 299.865
  26 0.255 6723.7 294.937
  27 0.265 5043 294.027
  28 0.275 5043 300.75
  29 0.285 6719.8 28840.5
  30 0.295 5048.2 24893.6
  31 0.305 5043 300.972
  32 0.315 6431.7 312.97
  33 0.325 5335.3 296.007
  34 0.335 4727.6 300.923
  35 0.345 3615.4 297.679
  36 0.355 3702.7 300.911
  37 0.365 3655.8 302.006
  38 0.375 3385.3 293.54
  39 0.385 4922.8 304.45
  40 0.395 5240.4 297.246
  41 0.405 5779.3 356.969
  42 0.415 5209.3 290.694
  43 0.425 5789 302.89
  44 0.435 6885.5 17374.3
  45 0.445 620.1 236288
  46 0.455 3.8 4.94039e+06
  47 0.465 0 0
  48 0.475 0 0
  49 0.485 0 0
  50 0.495 0 0
  51 0.505 0 0
  52 0.515 0 0
  53 0.525 0 0
  54 0.535 1 0
  55 0.545 2 55936.9
  56 0.555 480.9 433.227
  57 0.565 6802.4 540.049
  58 0.575 5666.2 2073.36
  59 0.585 5539.5 1221.76
  60 0.595 5548.9 1954.18
  61 0.605 5408.3 1563.74
  62 0.615 4919.7 1940.27
  63 0.625 3464.9 339.819
  64 0.635 3663.3 306.306
  65 0.645 3652.8 301.973
  66 0.655 3597.6 303.073
  67 0.665 4721.5 302.746
  68 0.675 5197.4 303.966
  69 0.685 6569.6 296.73
  70 0.695 5043 301.806
  71 0.705 5043.9 304.719
  72 0.715 6723.1 388.547
  73 0.725 5043 298.916
  74 0.735 5043 299.117
  75 0.745 6719.8 301.977
  76 0.755 5047.2 299.528
  77 0.765 3676 345.235
  78 0.775 3674 298.55
  79 0.785 3675 292.776
  80 0.795 3608.8 299.843
  81 0.805 4194.6 307.797
  82 0.815 5045.6 302.451
  83 0.825 5045.7 299.834
  84 0.835 6721.3 298.534
  85 0.845 5043 314.283
  86 0.855 5043 304.68
  87 0.865 6723 297.928
  88 0.875 5044 293.909
  89 0.885 5043 302.096
  90 0.895 6432.5 296.328
  91 0.905 4451.3 295.134
  92 0.915 3639.7 298.604
  93 0.925 3629.3 301.036
  94 0.935 3286.3 562.487
  95 0.945 3162.1 306.113
  96 0.955 5996.8 298.58
  97 0.965 5043 300.478
  98 0.975 5045 630.934
  99 0.985 6722 299.295
  100 0.995 5043 296.15
230 100 437843
  1 0.005 5043.7 4.35883e+14
  2 0.015 6716 300.94
  3 0.025 5051 316.989
  4 0.035 5043 301.816
  5 0.045 5771.3 292.131
  6 0.055 3251.8 297.678
  7 0.065 3389 25755.9
  8 0.075 3656.8 5.76895e+13
  9 0.085 3632.5 299.126
  10 0.095 4323 296.401
  11 0.105 6573 301.352
  12 0.115 5043 303.282
  13 0.125 5043 298.901
  14 0.135 6723.5 294.909
  15 0.145 5043.5 301.714
  16 0.155 5043 302.546
  17 0.165 6658.8 300.573
  18 0.175 5108.2 302.982
  19 0.185 5043 301.408
  20 0.195 4185.6 303.813
  21 0.205 3620.4 291.201
  22 0.215 3675 307.021
  23 0.225 3674 300.836
  24 0.235 3676 299.84
  25 0.245 5043 299.397
  26 0.255 6723.8 295.087
  27 0.265 5043.7 39381.2
  28 0.275 5043.5 39321.1
  29 0.285 6693.7 753.265
  30 0.295 5073.3 302.335
  31 0.305 5043 300.98
  32 0.315 6111.6 312.495
  33 0.325 5655.4 297.021
  34 0.335 4726.7 300.378
  35 0.345 3613.6 299.333
  36 0.355 3700.3 301.664
  37 0.365 3637.2 301.857
  38 0.375 3373.3 294.602
  39 0.385 4926 303.252
  40 0.395 5217.5 298.357
  41 0.405 5791.4 355.118
  42 0.415 5205.8 23519.9
  43 0.425 5751.5 25812.7
  44 0.435 6949.3 4697.54
  45 0.445 640.4 343.656
  46 0.455 4 190.951
  47 0.465 0 0
  48 0.475 0 0
  49 0.485 0 0
  50 0.495 0 0
  51 0.505 0 0
  52 0.515 0 0
  53 0.525 0 0
  54 0.535 1 0
  55 0.545 2 55936.9
  56 0.555 512.2 451.089
  57 0.565 6862.5 552.259
  58 0.575 5643.8 1604.5
  59 0.585 5564.8 1565.48
  60 0.595 5506.1 2075.82
  61 0.605 5392 1077
  62 0.615 4923.4 2259.28
  63 0.625 3433 759.958
  64 0.635 3666.3 305.954
  65 0.645 3653.7 301.64
  66 0.655 3587.4 305.189
  67 0.665 4720.8 303.198
  68 0.675 5425.6 304.177
  69 0.685 6341.4 296.698
  70 0.695 5043 302.357
  71 0.705 5049.5 304.168
  72 0.715 6717.5 386.585
  73 0.725 5043 297.294
  74 0.735 5043 299.046
  75 0.745 6722.5 301.516
  76 0.755 5044.6 300.924
  77 0.765 3675.9 342.158
  78 0.775 3674 298.685
  79 0.785 3675 292.714
  80 0.795 3614.8 299.703
  81 0.805 4189.9 307.56
  82 0.815 5044.3 302.382
  83 0.825 5053.2 298.87
  84 0.835 6713.8 299.362
  85 0.845 5043 313.265
  86 0.855 5043 304.383
  87 0.865 6723.9 298.005
  88 0.875 5043.1 294.285
  89 0.885 5043 302.308
  90 0.895 6468.6 296.354
  91 0.905 4415.9 296.127
  92 0.915 3641.3 299.123
  93 0.925 3633 301.071
  94 0.935 3298.9 557.163
  95 0.945 3167.5 306.243
  96 0.955 5972.8 297.966
  97 0.965 5043 301
  98 0.975 5045.7 626.028
  99 0.985 6721.3 299.091
  100 0.995 5043 295.912
240 100 437842
  1 0.005 5043 304.554
  2 0.015 6713.3 299.932
  3 0.025 5053.7 317.084
  4 0.035 5043 302.748
  5 0.045 5746 292.736
  6 0.055 3258 296.416
  7 0.065 3403.1 369.714
  8 0.075 3660.9 303.314
  9 0.085 3632.8 297.817
  10 0.095 4298.6 297.4
  11 0.105 6596.9 300.894
  12 0.115 5043.7 303.477
  13 0.125 5043 299.309
  14 0.135 6721.2 294.765
  15 0.145 5045.8 302.169
  16 0.155 5043 303.088
  17 0.165 6564.1 300.72
  18 0.175 5202.9 303.088
  19 0.185 5043 300.74
  20 0.195 4183.2 303.944
  21 0.205 3622.8 290.487
  22 0.215 3675 306.578
  23 0.225 3674 301.069
  24 0.235 3676.1 11003.4
  25 0.245 5043.5 39319.3
  26 0.255 6721.3 23706.1
  27 0.265 5046.1 293.364
  28 0.275 5043 319.656
  29 0.285 6601 753.986
  30 0.295 5166 301.834
  31 0.305 5043 301.016
  32 0.315 5714.6 312.539
  33 0.325 6052.4 297.297
  34 0.335 4725 299.851
  35 0.345 3608.9 300.977
  36 0.355 3701.4 302.388
  37 0.365 3606.5 301.646
  38 0.375 3373.8 296.288
  39 0.385 4929.8 315.467
  40 0.395 5197.5 26275.3
  41 0.405 5795 26560
  42 0.415 5219.4 312.313
  43 0.425 5710.4 821.387
  44 0.435 7001.5 475.782
  45 0.445 663.8 347.5
  46 0.455 4 195.673
  47 0.465 0 0
  48 0.475 0 0
  49 0.485 0 0
  50 0.495 0 0
  51 0.505 0 0
  52 0.515 0 0
  53 0.525 0 0
  54 0.535 1 0
  55 0.545 2 55936.9
  56 0.555 536.9 432.264
  57 0.565 6926.7 1040.15
  58 0.575 5631.7 989.771
  59 0.585 5590.2 1560.94
  60 0.595 5441.7 2095.63
  61 0.605 5399.5 588.759
  62 0.615 4915.8 2031.91
  63 0.625 3401.4 1779.96
  64 0.635 3667.4 306.011
  65 0.645 3658.9 301.098
  66 0.655 3575.8 307.151
  67 0.665 4720 303.612
  68 0.675 5749.2 304.21
  69 0.685 6017.8 296.713
  70 0.695 5043 302.842
  71 0.705 5085.8 303.693
  72 0.715 6681.2 386.339
  73 0.725 5043 295.855
  74 0.735 5043.3 299.014
  75 0.745 6723.4 301.225
  76 0.755 5044.3 306.164
  77 0.765 3675 332.943
  78 0.775 3674 298.854
  79 0.785 3675 292.748
  80 0.795 3617.1 299.353
  81 0.805 4187.9 307.786
  82 0.815 5044 302.313
  83 0.825 5079.2 298.267
  84 0.835 6687.8 299.909
  85 0.845 5043 312.131
  86 0.855 5043 303.939
  87 0.865 6724 298.209
  88 0.875 5043 294.865
  89 0.885 5043 302.496
  90 0.895 6506.1 296.568
  91 0.905 4379.2 297.17
  92 0.915 3643.7 300.146
  93 0.925 3639.5 301.013
  94 0.935 3316.4 552.969
  95 0.945 3171.3 305.495
  96 0.955 5941.8 297.773
  97 0.965 5043 301.376
  98 0.975 5046 624.929
  99 0.985 6721 298.751
  100 0.995 5043 295.6
250 100 437842
  1 0.005 5043 303.768
  2 0.015 6711.7 299.998
  3 0.025 5055.3 315.494
  4 0.035 5043 303.652
  5 0.045 5722.5 293.474
  6 0.055 3264.7 295.444
  7 0.065 3412.9 364.899
  8 0.075 3667.9 302.887
  9 0.085 3632 296.553
  10 0.095 4279.4 298.362
  11 0.105 6616.6 300.644
  12 0.115 5044 303.614
  13 0.125 5043 299.575
  14 0.135 6717 294.645
  15 0.145 5050 302.781
  16 0.155 5043 303.659
  17 0.165 6425.8 300.401
  18 0.175 5341.2 303.6
  19 0.185 5043 300.006
  20 0.195 4180.4 303.772
  21 0.205 3625.6 290.122
  22 0.215 3675.1 10996.6
  23 0.225 3674.5 53811.4
  24 0.235 3676.4 43081.5
  25 0.245 5043 298.528
  26 0.255 6705.7 296.109
  27 0.265 5061.3 292.805
  28 0.275 5043 318.359
  29 0.285 6370.5 768.336
  30 0.295 5396.5 300.837
  31 0.305 5043 301.07
  32 0.315 5362.7 311.689
  33 0.325 6404.3 297.993
  34 0.335 4725 299.343
  35 0.345 3606.5 302.611
  36 0.355 3693.8 303.139
  37 0.365 3581 301.425
  38 0.375 3369.8 39853.5
  39 0.385 4928.1 27516
  40 0.395 5205.8 1225.03
  41 0.405 5778.8 569.953
  42 0.415 5234.1 313.741
  43 0.425 5670.4 814.202
  44 0.435 7043.2 470.092
  45 0.445 696.1 354.979
  46 0.455 4.4 218.927
  47 0.465 0 0
  48 0.475 0 0
  49 0.485 0 0
  50 0.495 0 0
  51 0.505 0 0
  52 0.515 0 0
  53 0.525 0.3 0
  54 0.535 1 0
  55 0.545 1.7 46065.7
  56 0.555 565.9 421.609
  57 0.565 6976 1217.98
  58 0.575 5623.5 711.624
  59 0.585 5609.8 1556.8
  60 0.595 5394.2 2109.75
  61 0.605 5411.9 585.451
  62 0.615 4900.8 2023.74
  63 0.625 3368.8 1839.65
  64 0.635 3664.3 306.663
  65 0.645 3665.4 300.453
  66 0.655 3565.4 308.6
  67 0.665 4720 303.922
  68 0.675 6099.8 304.665
  69 0.685 5667.2 296.241
  70 0.695 5043 303.225
  71 0.705 5208.5 303.279
  72 0.715 6558.5 388.963
  73 0.725 5043 294.67
  74 0.735 5044.1 299.036
  75 0.745 6722.9 301.031
  76 0.755 5044 307.033
  77 0.765 3675 331.875
  78 0.775 3674 299.06
  79 0.785 3675 292.905
  80 0.795 3620.7 299.014
  81 0.805 4185.2 308.58
  82 0.815 5043.1 302.042
  83 0.825 5133.7 297.203
  84 0.835 6633.3 300.802
  85 0.845 5043 310.981
  86 0.855 5043.4 303.355
  87 0.865 6723.6 298.523
  88 0.875 5043 295.608
  89 0.885 5043 302.642
  90 0.895 6534.8 296.798
  91 0.905 4351.3 298.425
  92 0.915 3643.9 301.026
  93 0.925 3644.1 301.193
  94 0.935 3335.4 547.654
  95 0.945 3170.4 305.705
  96 0.955 5918.1 297.262
  97 0.965 5043 301.619
  98 0.975 5046 623.537
  99 0.985 6721 298.284
  100 0.995 5043 295.254
260 100 437842
  1 0.005 5043 302.908
  2 0.015 6709.9 300.019
  3 0.025 5057.1 313.788
  4 0.035 5043 304.486
  5 0.045 5697.6 293.662
  6 0.055 3274 295.557
  7 0.065 3426.1 359.846
  8 0.075 3670.3 302.392
  9 0.085 3632 295.426
  10 0.095 4257.5 299.342
  11 0.105 6638.5 300.527
  12 0.115 5044 303.68
  13 0.125 5043 299.667
  14 0.135 6704.5 294.397
  15 0.145 5062.5 303.708
  16 0.155 5043 304.203
  17 0.165 6216.4 299.46
  18 0.175 5550.6 304.565
  19 0.185 5043 299.24
  20 0.195 4179.9 9895.56
  21 0.205 3626.7 55555
  22 0.215 3675.4 43267.3
  23 0.225 3674 301.1
  24 0.235 3676 298.883
  25 0.245 5043 298.193
  26 0.255 6646.7 296.288
  27 0.265 5120.3 292.753
  28 0.275 5043 316.875
  29 0.285 5992.7 799.083
  30 0.295 5774.3 300.064
  31 0.305 5043 301.126
  32 0.315 5161 309.636
  33 0.325 6605.6 299.03
  34 0.335 4725.4 298.94
  35 0.345 3599.3 304.142
  36 0.355 3687.7 36467.6
  37 0.365 3556.8 37781
  38 0.375 3369 300.273
  39 0.385 4918.7 1142.25
  40 0.395 5215.6 1217.91
  41 0.405 5753.3 564.034
  42 0.415 5265.7 314.224
  43 0.425 5604.6 810.707
  44 0.435 7119.3 452.577
  45 0.445 716.3 362.504
  46 0.455 5.7 228.984
  47 0.465 0 0
  48 0.475 0 0
  49 0.485 0 0
  50 0.495 0 0
  51 0.505 0 0
  52 0.515 0 0
  53 0.525 1 0
  54 0.535 1 0
  55 0.545 1 0
  56 0.555 592.8 429.815
  57 0.565 7024.1 1206.43
  58 0.575 5615.3 698.648
  59 0.585 5617.3 1549.02
  60 0.595 5358.9 2118.72
  61 0.605 5435.9 580.949
  62 0.615 4893.1 2030.8
  63 0.625 3325 1853.34
  64 0.635 3654.5 307.418
  65 0.645 3668.2 299.694
  66 0.655 3562.5 309.684
  67 0.665 4718.4 304.165
  68 0.675 6396.4 304.664
  69 0.685 5370.6 296.314
  70 0.695 5043 303.475
  71 0.705 5465 302.307
  72 0.715 6302 395.462
  73 0.725 5043 293.788
  74 0.735 5053.7 299.101
  75 0.745 6713.3 300.987
  76 0.755 5044 308.827
  77 0.765 3675 330.835
  78 0.775 3674 299.309
  79 0.785 3675 293.201
  80 0.795 3623.5 298.739
  81 0.805 4182.5 309.46
  82 0.815 5043 301.932
  83 0.825 5222.2 296.373
  84 0.835 6544.8 301.531
  85 0.845 5043 309.904
  86 0.855 5045.6 302.654
  87 0.865 6721.4 298.92
  88 0.875 5043 296.461
  89 0.885 5043 302.731
  90 0.895 6563.6 297.467
  91 0.905 4324.4 299.103
  92 0.915 3642 302.076
  93 0.925 3650.3 301.159
  94 0.935 3349.1 548.319
  95 0.945 3173.4 305.342
  96 0.955 5895.2 296.883
  97 0.965 5043 301.753
  98 0.975 5046 621.07
  99 0.985 6721 297.719
  100 0.995 5043 294.92
270 100 437842
  1 0.005 5043 302.016
  2 0.015 6706.2 300.055
  3 0.025 5060.8 311.978
  4 0.035 5043 305.218
  5 0.045 5671.7 293.518
  6 0.055 3284.3 296.188
  7 0.065 3439.4 355.564
  8 0.075 3672.4 301.987
  9 0.085 3631.4 294.567
  10 0.095 4242.8 300.118
  11 0.105 6653.5 300.631
  12 0.115 5044.5 303.654
  13 0.125 5043 299.562
  14 0.135 6675.3 294.639
  15 0.145 5091.7 304.071
  16 0.155 5043 304.663
  17 0.165 5987.4 298.403
  18 0.175 5779.6 305.386
  19 0.185 5043.5 36100.8
  20 0.195 4179.3 47471
  21 0.205 3627.2 289.968
  22 0.215 3675 340.873
  23 0.225 3674 300.917
  24 0.235 3676 298.308
  25 0.245 5043 297.922
  26 0.255 6511.1 297.085
  27 0.265 5255.9 292.087
  28 0.275 5043 315.358
  29 0.285 5592.1 840.87
  30 0.295 6174.9 299.617
  31 0.305 5043 301.165
  32 0.315 5077.8 308.136
  33 0.325 6687.3 4111.33
  34 0.335 4727.4 22870.1
  35 0.345 3596.2 37384.3
  36 0.355 3671.1 304.69
  37 0.365 3535.8 300.149
  38 0.375 3369.1 301.166
  39 0.385 4919.6 1138.29
  40 0.395 5216.1 1218.16
  41 0.405 5693.4 559.841
  42 0.415 5334.4 313.816
  43 0.425 5547.4 813.454
  44 0.435 7183.3 431.122
  45 0.445 736.7 374.968
  46 0.455 8.4 228.722
  47 0.465 0 0
  48 0.475 0 0
  49 0.485 0 0
  50 0.495 0 0
  51 0.505 0 0
  52 0.515 0 0
  53 0.525 1 0
  54 0.535 1 0
  55 0.545 1 0
  56 0.555 617.4 410.979
  57 0.565 7091.1 1206.01
  58 0.575 5578.1 688.045
  59 0.585 5608.5 1552.42
  60 0.595 5368.7 2106.8
  61 0.605 5444.2 577.713
  62 0.615 4881.4 2010.42
  63 0.625 3300.5 1876.09
  64 0.635 3628.8 308.018
  65 0.645 3671.7 298.994
  66 0.655 3558.2 310.51
  67 0.665 4718.9 304.405
  68 0.675 6582.1 304.611
  69 0.685 5183.4 296.556
  70 0.695 5043 303.568
  71 0.705 5839.9 301.536
  72 0.715 5927.1 404.015
  73 0.725 5043 293.237
  74 0.735 5087.2 299.622
  75 0.745 6679.8 300.833
  76 0.755 5044 309.531
  77 0.765 3675 329.783
  78 0.775 3674 299.61
  79 0.785 3675 293.64
  80 0.795 3625 298.629
  81 0.805 4181 310.43
  82 0.815 5043 301.876
  83 0.825 5381.3 296.635
  84 0.835 6385.7 301.412
  85 0.845 5043 308.978
  86 0.855 5048.9 301.942
  87 0.865 6718.1 299.308
  88 0.875 5043 297.364
  89 0.885 5043 302.753
  90 0.895 6601.6 297.765
  91 0.905 4287.6 300.437
  92 0.915 3640.8 303.062
  93 0.925 3653.9 301.137
  94 0.935 3366.7 546.359
  95 0.945 3183.5 304.955
  96 0.955 5863.9 296.928
  97 0.965 5043 301.81
  98 0.975 5046 621.759
  99 0.985 6721 297.081
  100 0.995 5043 294.651
280 100 437842
  1 0.005 5043 301.141
  2 0.015 6705.5 300.023
  3 0.025 5061.5 310.264
  4 0.035 5043 305.824
  5 0.045 5642.5 293.742
  6 0.055 3294.5 296.11
  7 0.065 3457.4 352.07
  8 0.075 3672.6 301.735
  9 0.085 3632 293.915
  10 0.095 4225.9 300.145
  11 0.105 6669.6 301.331
  12 0.115 5045.5 303.526
  13 0.125 5043 299.256
  14 0.135 6623.8 294.757
  15 0.145 5143.2 304.621
  16 0.155 5043 304.991
  17 0.165 5738.8 19926.5
  18 0.175 6029.1 37052.1
  19 0.185 5043.2 7699.87
  20 0.195 4177.9 3248.88
  21 0.205 3628 290.236
  22 0.215 3675 337.633
  23 0.225 3673.1 300.613
  24 0.235 3676.9 297.747
  25 0.245 5043 297.724
  26 0.255 6269.1 296.547
  27 0.265 5497.9 293.238
  28 0.275 5043 313.957
  29 0.285 5288.4 870.323
  30 0.295 6478.6 299.727
  31 0.305 5043 301.166
  32 0.315 5051.4 20889.5
  33 0.325 6709 18258.8
  34 0.335 4731.6 298.805
  35 0.345 3590.2 306.055
  36 0.355 3653.2 304.42
  37 0.365 3516.8 300.031
  38 0.375 3373.9 302.356
  39 0.385 4919.4 1136.92
  40 0.395 5223.2 1218.27
  41 0.405 5592.7 557.98
  42 0.415 5440 313.178
  43 0.425 5504 814.55
  44 0.435 7226.3 428.306
  45 0.445 761.7 374.38
  46 0.455 10.6 242.379
  47 0.465 0 0
  48 0.475 0 0
  49 0.485 0 0
  50 0.495 0 0
  51 0.505 0 0
  52 0.515 0 0
  53 0.525 1 0
  54 0.535 1.2 18645.6
  55 0.545 0.8 0
  56 0.555 646.2 413.176
  57 0.565 7146.7 1181
  58 0.575 5557.3 674.075
  59 0.585 5592.4 1552.79
  60 0.595 5380.6 2108.16
  61 0.605 5479.1 568.799
  62 0.615 4829.9 1988.79
  63 0.625 3292.8 1863.41
  64 0.635 3596.1 308.733
  65 0.645 3672.4 298.122
  66 0.655 3555.5 310.955
  67 0.665 4721.6 304.529
  68 0.675 6678.1 304.67
  69 0.685 5084.3 296.875
  70 0.695 5043 303.493
  71 0.705 6243.2 300.684
  72 0.715 5523.8 410.118
  73 0.725 5043 293.021
  74 0.735 5192 300.124
  75 0.745 6575 300.952
  76 0.755 5044 309.679
  77 0.765 3675 328.619
  78 0.775 3674 299.968
  79 0.785 3675 294.215
  80 0.795 3626.1 298.682
  81 0.805 4179.9 311.427
  82 0.815 5043 301.869
  83 0.825 5603.1 296.506
  84 0.835 6163.9 301.623
  85 0.845 5043 308.259
  86 0.855 5053.9 301.187
  87 0.865 6713.1 299.706
  88 0.875 5043 298.261
  89 0.885 5043 302.701
  90 0.895 6629.8 298.068
  91 0.905 4260.2 301.62
  92 0.915 3640 304.062
  93 0.925 3656.2 300.839
  94 0.935 3390.2 543.373
  95 0.945 3182.2 303.767
  96 0.955 5839.4 297.159
  97 0.965 5043 301.825
  98 0.975 5046 623.143
  99 0.985 6721 296.403
  100 0.995 5043 294.493
290 100 437842
  1 0.005 5043 300.33
  2 0.015 6700.6 300.004
  3 0.025 5066.4 308.61
  4 0.035 5043 306.292
  5 0.045 5618.6 294.057
  6 0.055 3297.8 295.787
  7 0.065 3476.6 349.376
  8 0.075 3674 301.532
  9 0.085 3631.7 293.641
  10 0.095 4216.5 300.408
  11 0.105 6676.9 301.954
  12 0.115 5047.9 303.301
  13 0.125 5043 298.758
  14 0.135 6559.9 295.188
  15 0.145 5207.2 8170.27
  16 0.155 5043.6 48271.2
  17 0.165 5492.6 22205.8
  18 0.175 6274.7 320.896
  19 0.185 5043.7 2183.3
  20 0.195 4176.2 782.513
  21 0.205 3629.1 290.705
  22 0.215 3675 333.791
  23 0.225 3673 300.275
  24 0.235 3677 297.221
  25 0.245 5043 297.599
  26 0.255 5945.9 296.717
  27 0.265 5821.1 293.655
  28 0.275 5043 312.785
  29 0.285 5127.7 885.368
  30 0.295 6639.7 12708.7
  31 0.305 5043.6 25220.8
  32 0.315 5044.1 312.358
  33 0.325 6700.7 1740.04
  34 0.335 4746.2 299.014
  35 0.345 3583.1 306.274
  36 0.355 3636 304.267
  37 0.365 3484.3 300.18
  38 0.375 3388.5 303.147
  39 0.385 4914.4 1135.23
  40 0.395 5241.8 1216.13
  41 0.405 5508.4 556.346
  42 0.415 5527.2 312.649
  43 0.425 5460 814.289
  44 0.435 7263.5 431.192
  45 0.445 793.1 380.318
  46 0.455 11.7 205.629
  47 0.465 0 0
  48 0.475 0 0
  49 0.485 0 0
  50 0.495 0 0
  51 0.505 0 0
  52 0.515 0 0
  53 0.525 1 0
  54 0.535 2 55936.9
  55 0.545 0 0
  56 0.555 673.6 426.187
  57 0.565 7185.9 1149.44
  58 0.575 5542.2 914.902
  59 0.585 5581 1305.39
  60 0.595 5394 2212.69
  61 0.605 5527.4 459.626
  62 0.615 4784.9 1972.16
  63 0.625 3304.5 1832.5
  64 0.635 3530.2 309.036
  65 0.645 3670.4 297.24
  66 0.655 3555.1 311.075
  67 0.665 4729.4 304.606
  68 0.675 6700.3 304.742
  69 0.685 5054.1 297.29
  70 0.695 5043 303.247
  71 0.705 6523.3 299.541
  72 0.715 5243.7 413.287
  73 0.725 5043 293.123
  74 0.735 5386.2 300.683
  75 0.745 6380.8 301.26
  76 0.755 5044 309.496
  77 0.765 3675 327.4
  78 0.775 3674 300.382
  79 0.785 3675 294.908
  80 0.795 3627.7 298.866
  81 0.805 4178.3 312.368
  82 0.815 5043 301.921
  83 0.825 5852 296.611
  84 0.835 5915 301.605
  85 0.845 5043 307.784
  86 0.855 5064.5 300.507
  87 0.865 6702.5 300.017
  88 0.875 5043 299.096
  89 0.885 5043 302.576
  90 0.895 6646.3 298.408
  91 0.905 4243.7 302.541
  92 0.915 3640 304.994
  93 0.925 3661.3 300.463
  94 0.935 3408.6 539.828
  95 0.945 3190.5 302.585
  96 0.955 5807.6 297.522
  97 0.965 5043 301.832
  98 0.975 5046 622.887
  99 0.985 6721 295.726
  100 0.995 5043 294.491
300 100 437842
  1 0.005 5043 299.631
  2 0.015 6695.9 299.827
  3 0.025 5071.1 307.315
  4 0.035 5043 306.62
  5 0.045 5592.8 294.113
  6 0.055 3306.5 296.147
  7 0.065 3493.7 347.789
  8 0.075 3674 301.321
  9 0.085 3631 293.708
  10 0.095 4206.8 300.494
  11 0.105 6684.8 302.678
  12 0.115 5050.4 303.066
  13 0.125 5043 298.096
  14 0.135 6427.8 33647.9
  15 0.145 5340.2 40209.5
  16 0.155 5043 305.114
  17 0.165 5319.9 337.809
  18 0.175 6447 317.908
  19 0.185 5043.1 2008.78
  20 0.195 4176 1428.14
  21 0.205 3630 291.35
  22 0.215 3675 330.048
  23 0.225 3673 299.917
  24 0.235 3677 296.814
  25 0.245 5043 297.546
  26 0.255 5589.2 296.96
  27 0.265 6177.8 294.088
  28 0.275 5043.2 7967.67
  29 0.285 5068.1 22924.3
  30 0.295 6699.7 6854.59
  31 0.305 5043 1829.75
  32 0.315 5043 310.759
  33 0.325 6657.7 1741.32
  34 0.335 4790.2 299.713
  35 0.345 3576 305.859
  36 0.355 3610.9 304.53
  37 0.365 3449.6 300.082
  38 0.375 3410.6 303.575
  39 0.385 4896.5 1141.05
  40 0.395 5284.3 1207.75
  41 0.405 5440.2 556.505
  42 0.415 5583.3 311.211
  43 0.425 5408.1 816.906
  44 0.435 7315.1 429.583
  45 0.445 824.5 369.125
  46 0.455 13 283.144
  47 0.465 0 0
  48 0.475 0 0
  49 0.485 0 0
  50 0.495 0 0
  51 0.505 0 0
  52 0.515 0 0
  53 0.525 1 0
  54 0.535 2 55936.9
  55 0.545 0 0
  56 0.555 700.2 517.047
  57 0.565 7228.3 1138.99
  58 0.575 5523 977.918
  59 0.585 5573.6 1244.81
  60 0.595 5418.4 2297.2
  61 0.605 5567.2 365.871
  62 0.615 4727.8 1704.45
  63 0.625 3348.2 2218.83
  64 0.635 3449.4 308.573
  65 0.645 3659.8 296.433
  66 0.655 3556.5 310.748
  67 0.665 4749.3 304.811
  68 0.675 6686.5 304.726
  69 0.685 5044.8 297.779
  70 0.695 5043 302.841
  71 0.705 6669.1 298.896
  72 0.715 5097.9 414.609
  73 0.725 5043 293.509
  74 0.735 5714.8 301.683
  75 0.745 6052.2 301.379
  76 0.755 5044 309.191
  77 0.765 3675 326.297
  78 0.775 3674 300.843
  79 0.785 3675 295.688
  80 0.795 3628 299.229
  81 0.805 4178 313.07
  82 0.815 5043 302.037
  83 0.825 6107.3 296.186
  84 0.835 5659.7 302.119
  85 0.845 5043 307.567
  86 0.855 5087.5 299.99
  87 0.865 6679.5 300.175
  88 0.875 5043 299.825
  89 0.885 5043 302.387
  90 0.895 6668.4 298.588
  91 0.905 4223.5 303.472
  92 0.915 3638.1 305.772
  93 0.925 3664 299.776
  94 0.935 3437.6 535.988
  95 0.945 3189.5 301.552
  96 0.955 5776.9 298.205
  97 0.965 5043 301.866
  98 0.975 5045 623.668
  99 0.985 6722 295.094
  100 0.995 5043 294.678
