# Chunk-averaged data for fix velocity_z and group all
# Timestep Number-of-chunks Total-count
# Chunk Coord1 Ncount vz
10 100 437844
  1 0.005 5043 30.0123
  2 0.015 6723 30.0859
  3 0.025 5044 30.0249
  4 0.035 5043 30.0196
  5 0.045 6265.8 30.0147
  6 0.055 3360.8 30.0102
  7 0.065 3397.3 29.9574
  8 0.075 3308.9 29.9906
  9 0.085 3598.7 30.0257
  10 0.095 5089.2 30.0314
  11 0.105 5577.3 29.9664
  12 0.115 5043 30.0126
  13 0.125 6548 29.9964
  14 0.135 5219 30.0403
  15 0.145 5043 29.98
  16 0.155 6544 30.0125
  17 0.165 5223 29.9647
  18 0.175 5043 29.9939
  19 0.185 6076.9 29.9728
  20 0.195 4027.8 29.9767
  21 0.205 3586.9 29.9795
  22 0.215 3251.4 30.0516
  23 0.225 3542.1 29.9914
  24 0.235 4012.1 29.9122
  25 0.245 6100.8 30.0001
  26 0.255 5043 29.9925
  27 0.265 5235.6 29.9819
  28 0.275 6531.4 29.9863
  29 0.285 5043 29.9656
  30 0.295 5218.5 29.9935
  31 0.305 6548.5 29.9897
  32 0.315 5043 30.0581
  33 0.325 5555.7 30.034
  34 0.335 5021.3 29.9973
  35 0.345 3473.9 30.0662
  36 0.355 3456.3 30.1132
  37 0.365 3622.3 30.0549
  38 0.375 3541.8 30.0727
  39 0.385 5619.7 29.9736
  40 0.395 5305.7 29.969
  41 0.405 5530.4 29.9986
  42 0.415 5535.1 30.022
  43 0.425 6460.1 30.0459
  44 0.435 5193.1 30.106
  45 0.445 263.6 30.0587
  46 0.455 0 0
  47 0.465 0 0
  48 0.475 0 0
  49 0.485 0 0
  50 0.495 0 0
  51 0.505 0 0
  52 0.515 0 0
  53 0.525 0 0
  54 0.535 0 0
  55 0.545 0 0
  56 0.555 150.1 -30.078
  57 0.565 5045 -30.0377
  58 0.575 6580 -30.0039
  59 0.585 5602.2 -29.9893
  60 0.595 5443 -30.0088
  61 0.605 5629.6 -30.0215
  62 0.615 5317.4 -30.0089
  63 0.625 3600.8 -29.9578
  64 0.635 3629.2 -29.9756
  65 0.645 3422 -29.9248
  66 0.655 3464.2 -29.9335
  67 0.665 4971.9 -30.0045
  68 0.675 5659.6 -29.9944
  69 0.685 5043 -30.0233
  70 0.695 6350.3 -29.982
  71 0.705 5416.7 -30.0567
  72 0.715 5043 -30.0183
  73 0.725 6254.5 -30.004
  74 0.735 5512.5 -30.0185
  75 0.745 5043 -30.0102
  76 0.755 5958.3 -30.0529
  77 0.765 4065.9 -29.9828
  78 0.775 3483.4 -29.9684
  79 0.785 3249.5 -30.0376
  80 0.795 3620.4 -29.9277
  81 0.805 4025.5 -29.9344
  82 0.815 6195 -30.0285
  83 0.825 5043 -30.0455
  84 0.835 5076.5 -30.0571
  85 0.845 6690.5 -30.0521
  86 0.855 5043 -29.977
  87 0.865 5072.8 -30.0264
  88 0.875 6694.2 -29.9752
  89 0.885 5043 -29.991
  90 0.895 5313.8 -29.9633
  91 0.905 5169.6 -30.0148
  92 0.915 3652.3 -30.0237
  93 0.925 3271.6 -29.9935
  94 0.935 3467.6 -29.9985
  95 0.945 3393.3 -29.9792
  96 0.955 6327.8 -30.0135
  97 0.965 5045 -29.9853
  98 0.975 5043 -29.994
  99 0.985 6724 -29.9888
  100 0.995 5043 -29.9819
20 100 437844
  1 0.005 5043 30.0033
  2 0.015 6723 30.0855
  3 0.025 5044 30.0215
  4 0.035 5043 30.0201
  5 0.045 6255.8 30.0185
  6 0.055 3345.3 30.0107
  7 0.065 3380.7 29.9603
  8 0.075 3316.4 29.9876
  9 0.085 3602.3 30.0283
  10 0.095 5051.9 30.0288
  11 0.105 5645.6 29.9663
  12 0.115 5043 30.0124
  13 0.125 6447.3 29.9959
  14 0.135 5319.7 30.0404
  15 0.145 5043 29.9783
  16 0.155 6383.1 30.0116
  17 0.165 5383.9 29.9677
  18 0.175 5043 29.9933
  19 0.185 5998.7 29.9785
  20 0.195 4042.2 29.9735
  21 0.205 3525.7 29.9596
  22 0.215 3251 30.0639
  23 0.225 3599.2 29.9904
  24 0.235 4002.2 29.917
  25 0.245 6179 30.0001
  26 0.255 5043 29.9906
  27 0.265 5102.7 29.9833
  28 0.275 6664.3 29.9857
  29 0.285 5043 29.9657
  30 0.295 5089.5 29.9929
  31 0.305 6677.5 29.9921
  32 0.315 5043 30.0584
  33 0.325 5379.5 30.0328
  34 0.335 5079.6 29.9987
  35 0.345 3474.6 30.0545
  36 0.355 3490.6 30.1105
  37 0.365 3640 30.0621
  38 0.375 3575.3 30.0732
  39 0.385 5558.9 29.9762
  40 0.395 5368.3 29.971
  41 0.405 5471.2 29.9952
  42 0.415 5595.6 30.0204
  43 0.425 6386.8 30.0653
  44 0.435 5283.6 30.0902
  45 0.445 275 30.1521
  46 0.455 0 0
  47 0.465 0 0
  48 0.475 0 0
  49 0.485 0 0
  50 0.495 0 0
  51 0.505 0 0
  52 0.515 0 0
  53 0.525 0 0
  54 0.535 0 0
  55 0.545 0 0
  56 0.555 158.7 -30.3885
  57 0.565 5150 -30.013
  58 0.575 6515.5 -30.0016
  59 0.585 5593.1 -29.9913
  60 0.595 5457.3 -30.0076
  61 0.605 5659.2 -30.0245
  62 0.615 5262.1 -30.0046
  63 0.625 3593.1 -29.9535
  64 0.635 3660.9 -29.9762
  65 0.645 3489.3 -29.9211
  66 0.655 3456.3 -29.951
  67 0.665 5037.2 -30.0036
  68 0.675 5482.3 -29.9901
  69 0.685 5043 -30.0253
  70 0.695 6566.1 -29.9791
  71 0.705 5200.9 -30.062
  72 0.715 5043 -30.0184
  73 0.725 6528 -30.0079
  74 0.735 5239 -30.0142
  75 0.745 5043 -30.0102
  76 0.755 6054.2 -30.0557
  77 0.765 4055.7 -29.9835
  78 0.775 3551.6 -29.97
  79 0.785 3201.4 -30.0294
  80 0.795 3573.1 -29.9227
  81 0.805 4035.1 -29.9417
  82 0.815 6126.9 -30.0274
  83 0.825 5043 -30.0483
  84 0.835 5132.3 -30.0559
  85 0.845 6634.7 -30.0492
  86 0.855 5043 -29.979
  87 0.865 5099.1 -30.0235
  88 0.875 6667.9 -29.9778
  89 0.885 5043 -29.9915
  90 0.895 5378.4 -29.9618
  91 0.905 5150.8 -30.0126
  92 0.915 3653.3 -30.0213
  93 0.925 3273.8 -30.0079
  94 0.935 3439.3 -29.9916
  95 0.945 3379 -29.976
  96 0.955 6321.9 -30.0125
  97 0.965 5044.5 -29.9857
  98 0.975 5043 -29.9934
  99 0.985 6724 -29.9891
  100 0.995 5043 -29.971
30 100 437844
  1 0.005 5043 29.9946
  2 0.015 6723.6 30.0845
  3 0.025 5043.4 30.0189
  4 0.035 5043 30.0207
  5 0.045 6243.3 30.0233
  6 0.055 3329.9 30.004
  7 0.065 3352.4 29.9585
  8 0.075 3335 29.9973
  9 0.085 3616.9 30.0269
  10 0.095 5016.6 30.024
  11 0.105 5703.9 29.9692
  12 0.115 5043 30.0121
  13 0.125 6315.2 29.9961
  14 0.135 5451.8 30.0394
  15 0.145 5043 29.977
  16 0.155 6188 30.0103
  17 0.165 5579 29.9711
  18 0.175 5043 29.9926
  19 0.185 5931 29.9841
  20 0.195 4044.9 29.9625
  21 0.205 3454.3 29.9555
  22 0.215 3290.5 30.0801
  23 0.225 3629.5 29.9717
  24 0.235 3985.7 29.9258
  25 0.245 6262.1 30.0017
  26 0.255 5043 29.9885
  27 0.265 5056.4 29.9844
  28 0.275 6710.6 29.9855
  29 0.285 5043 29.9658
  30 0.295 5049.4 29.9953
  31 0.305 6717.6 29.9922
  32 0.315 5043 30.0585
  33 0.325 5225.6 30.0321
  34 0.335 5098.9 30.0033
  35 0.345 3487.4 30.0439
  36 0.355 3549 30.1054
  37 0.365 3662.7 30.0722
  38 0.375 3587.6 30.0725
  39 0.385 5491.2 29.9713
  40 0.395 5429.7 29.9768
  41 0.405 5425.1 29.9838
  42 0.415 5642.7 30.0275
  43 0.425 6326.5 30.0634
  44 0.435 5365.3 30.1127
  45 0.445 287.3 29.9616
  46 0.455 0 0
  47 0.465 0 0
  48 0.475 0 0
  49 0.485 0 0
  50 0.495 0 0
  51 0.505 0 0
  52 0.515 0 0
  53 0.525 0 0
  54 0.535 0 0
  55 0.545 0 0
  56 0.555 164 -30.1169
  57 0.565 5250.5 -30.1592
  58 0.575 6466.9 -29.8813
  59 0.585 5580 -29.9923
  60 0.595 5458 -30.0108
  61 0.605 5696.3 -30.0221
  62 0.615 5212.4 -30.0044
  63 0.625 3595.3 -29.9554
  64 0.635 3674.4 -29.9716
  65 0.645 3542.6 -29.9252
  66 0.655 3473.3 -29.9546
  67 0.665 5074.5 -30.0006
  68 0.675 5326.8 -29.9911
  69 0.685 5043 -30.0273
  70 0.695 6667.4 -29.9731
  71 0.705 5099.6 -30.0698
  72 0.715 5043 -30.0186
  73 0.725 6667.1 -30.0087
  74 0.735 5099.9 -30.0133
  75 0.745 5043 -30.01
  76 0.755 6137.9 -30.0596
  77 0.765 4044.6 -29.9809
  78 0.775 3594.8 -29.9726
  79 0.785 3199.4 -30.0162
  80 0.795 3522.1 -29.916
  81 0.805 4043.9 -29.9537
  82 0.815 6055.3 -30.0276
  83 0.825 5043 -30.051
  84 0.835 5222.7 -30.0528
  85 0.845 6544.3 -30.0475
  86 0.855 5043 -29.9813
  87 0.865 5132.6 -30.0203
  88 0.875 6634.4 -29.9805
  89 0.885 5043 -29.9919
  90 0.895 5435.4 -29.9594
  91 0.905 5133.1 -30.0135
  92 0.915 3643.9 -30.0155
  93 0.925 3292.7 -30.0153
  94 0.935 3406.2 -29.9841
  95 0.945 3369.4 -29.9805
  96 0.955 6316.3 -30.0122
  97 0.965 5044 -29.986
  98 0.975 5043 -29.9929
  99 0.985 6724 -29.9894
  100 0.995 5043 -29.9604
40 100 437844
  1 0.005 5043 29.9864
  2 0.015 6723.8 30.0838
  3 0.025 5043.2 30.016
  4 0.035 5043 30.0213
  5 0.045 6224.4 30.0269
  6 0.055 3326.5 30.0023
  7 0.065 3332.5 29.9708
  8 0.075 3351.6 29.9885
  9 0.085 3615.4 30.0222
  10 0.095 4992.2 30.0303
  11 0.105 5755.4 29.9658
  12 0.115 5043 30.0117
  13 0.125 6149.7 30.0019
  14 0.135 5617.3 30.0315
  15 0.145 5043 29.976
  16 0.155 5976.7 30.0041
  17 0.165 5790.3 29.9793
  18 0.175 5043 29.9919
  19 0.185 5862.3 29.9858
  20 0.195 4044.2 29.96
  21 0.205 3383.9 29.956
  22 0.215 3346 30.0768
  23 0.225 3661.8 29.9797
  24 0.235 3942.5 29.9247
  25 0.245 6357.3 29.9996
  26 0.255 5043 29.9862
  27 0.265 5046.5 29.9844
  28 0.275 6720.5 29.9864
  29 0.285 5043 29.966
  30 0.295 5043.2 29.9967
  31 0.305 6723.8 29.9931
  32 0.315 5043 30.0583
  33 0.325 5131.5 30.0285
  34 0.335 5070.9 30.0026
  35 0.345 3510.7 30.0469
  36 0.355 3598.7 30.0985
  37 0.365 3680.5 30.079
  38 0.375 3605 30.0717
  39 0.385 5404.2 29.973
  40 0.395 5504.6 29.9743
  41 0.405 5375.6 29.9789
  42 0.415 5684.7 30.0314
  43 0.425 6271.4 30.0552
  44 0.435 5440.5 30.1353
  45 0.445 300.7 29.9211
  46 0.455 0 0
  47 0.465 0 0
  48 0.475 0 0
  49 0.485 0 0
  50 0.495 0 0
  51 0.505 0 0
  52 0.515 0 0
  53 0.525 0 0
  54 0.535 0 0
  55 0.545 0 0
  56 0.555 168.9 -30.0485
  57 0.565 5344.1 -30.1682
  58 0.575 6430.4 -29.8669
  59 0.585 5559.9 -29.9942
  60 0.595 5453.2 -30.0124
  61 0.605 5725.3 -30.0244
  62 0.615 5178.1 -29.9993
  63 0.625 3602.5 -29.9567
  64 0.635 3680.3 -29.9627
  65 0.645 3590.1 -29.941
  66 0.655 3490.8 -29.9384
  67 0.665 5076 -30.007
  68 0.675 5215.4 -29.9905
  69 0.685 5043 -30.0292
  70 0.695 6715.2 -29.9729
  71 0.705 5051.8 -30.0689
  72 0.715 5043 -30.0189
  73 0.725 6715.3 -30.0105
  74 0.735 5051.7 -30.0109
  75 0.745 5043 -30.0098
  76 0.755 6225.7 -30.0636
  77 0.765 4017.1 -29.9782
  78 0.775 3622.7 -29.9689
  79 0.785 3248.3 -30.0108
  80 0.795 3439.6 -29.9058
  81 0.805 4060.2 -29.9679
  82 0.815 5984.4 -30.0274
  83 0.825 5043 -30.0534
  84 0.835 5365.6 -30.047
  85 0.845 6401.4 -30.048
  86 0.855 5043 -29.9837
  87 0.865 5198.3 -30.0206
  88 0.875 6568.7 -29.9803
  89 0.885 5043 -29.9923
  90 0.895 5493.8 -29.957
  91 0.905 5120.8 -30.0203
  92 0.915 3632.1 -30.0059
  93 0.925 3307.2 -30.0189
  94 0.935 3378.9 -29.9745
  95 0.945 3354.4 -29.9867
  96 0.955 6309.8 -30.0121
  97 0.965 5044 -29.9863
  98 0.975 5043 -29.9923
  99 0.985 6724 -29.9898
  100 0.995 5043 -29.95
50 100 437844
  1 0.005 5043 29.9788
  2 0.015 6723.1 30.0835
  3 0.025 5043.9 30.0128
  4 0.035 5043 30.0218
  5 0.045 6208.6 30.0303
  6 0.055 3317.3 29.9976
  7 0.065 3322 29.9836
  8 0.075 3361.9 29.9788
  9 0.085 3615.5 30.0199
  10 0.095 4959.8 30.0366
  11 0.105 5812.9 29.9634
  12 0.115 5043 30.0111
  13 0.125 5952.4 30.0024
  14 0.135 5814.6 30.0297
  15 0.145 5043 29.9753
  16 0.155 5742 30.001
  17 0.165 6025 29.9836
  18 0.175 5043 29.9913
  19 0.185 5781.3 29.9889
  20 0.195 4055.3 29.9502
  21 0.205 3328.8 29.9527
  22 0.215 3429.5 30.0843
  23 0.225 3662.7 29.9858
  24 0.235 3881.8 29.9202
  25 0.245 6458.6 30.0003
  26 0.255 5043 29.9836
  27 0.265 5043 29.9859
  28 0.275 6724 29.9863
  29 0.285 5043 29.9662
  30 0.295 5043 29.9973
  31 0.305 6724 29.9947
  32 0.315 5043 30.0579
  33 0.325 5085 30.0261
  34 0.335 5030.6 30.0002
  35 0.345 3521.6 30.0432
  36 0.355 3640 30.1019
  37 0.365 3685.8 30.0831
  38 0.375 3617.3 30.0738
  39 0.385 5320.5 29.9751
  40 0.395 5571 29.971
  41 0.405 5325.6 29.9797
  42 0.415 5730.5 30.028
  43 0.425 6218.1 30.0615
  44 0.435 5520 30.1177
  45 0.445 313 30.0868
  46 0.455 0 0
  47 0.465 0 0
  48 0.475 0 0
  49 0.485 0 0
  50 0.495 0 0
  51 0.505 0 0
  52 0.515 0 0
  53 0.525 0 0
  54 0.535 0 0
  55 0.545 0 0
  56 0.555 181.7 -30.0605
  57 0.565 5449.4 -30.1765
  58 0.575 6393 -29.8508
  59 0.585 5512.7 -29.9934
  60 0.595 5469.3 -30.018
  61 0.605 5712.2 -30.0255
  62 0.615 5177.1 -29.9958
  63 0.625 3600.9 -29.9449
  64 0.635 3685.3 -29.9628
  65 0.645 3627.4 -29.9537
  66 0.655 3512.9 -29.9294
  67 0.665 5044.9 -30.0112
  68 0.675 5148.2 -29.991
  69 0.685 5043 -30.031
  70 0.695 6723.2 -29.9713
  71 0.705 5043.8 -30.0691
  72 0.715 5043 -30.0192
  73 0.725 6722.2 -30.0093
  74 0.735 5044.8 -30.0124
  75 0.745 5043 -30.0094
  76 0.755 6309.6 -30.0637
  77 0.765 3985.2 -29.9754
  78 0.775 3652.7 -29.9783
  79 0.785 3320.1 -29.9948
  80 0.795 3356 -29.9206
  81 0.805 4069.7 -29.9699
  82 0.815 5904.7 -30.0241
  83 0.825 5043 -30.0556
  84 0.835 5560.4 -30.0499
  85 0.845 6206.6 -30.041
  86 0.855 5043 -29.9862
  87 0.865 5301.1 -30.0214
  88 0.875 6465.9 -29.9793
  89 0.885 5043 -29.9926
  90 0.895 5571.6 -29.9575
  91 0.905 5079.2 -30.0163
  92 0.915 3625.9 -30.0093
  93 0.925 3323.4 -30.0171
  94 0.935 3360.6 -29.976
  95 0.945 3335.5 -29.9862
  96 0.955 6300.8 -30.0119
  97 0.965 5044 -29.9866
  98 0.975 5043 -29.9916
  99 0.985 6724 -29.9903
  100 0.995 5043 -29.9401
60 100 437844
  1 0.005 5043 29.9717
  2 0.015 6723 30.0831
  3 0.025 5044 30.0098
  4 0.035 5043 30.0224
  5 0.045 6191.6 30.0343
  6 0.055 3305.1 29.988
  7 0.065 3315.3 29.9984
  8 0.075 3376.5 29.9673
  9 0.085 3618.9 30.0209
  10 0.095 4918.3 30.0378
  11 0.105 5872.3 29.9659
  12 0.115 5043 30.0105
  13 0.125 5762.8 30.0079
  14 0.135 6004.2 30.023
  15 0.145 5043 29.9749
  16 0.155 5527.6 30
  17 0.165 6239.4 29.9855
  18 0.175 5043 29.9907
  19 0.185 5689.5 29.992
  20 0.195 4065.1 29.935
  21 0.205 3317 29.9684
  22 0.215 3483.6 30.0762
  23 0.225 3674.8 29.9936
  24 0.235 3824.6 29.9202
  25 0.245 6543.4 30
  26 0.255 5043 29.9809
  27 0.265 5043 29.9875
  28 0.275 6724 29.9863
  29 0.285 5043 29.9665
  30 0.295 5043 29.9975
  31 0.305 6723.2 29.9966
  32 0.315 5043.8 30.0571
  33 0.325 5056.2 30.0242
  34 0.335 4994.7 30.0022
  35 0.345 3530.4 30.0504
  36 0.355 3667.8 30.0895
  37 0.365 3692.7 30.0839
  38 0.375 3621.5 30.0833
  39 0.385 5231.9 29.9727
  40 0.395 5637.6 29.969
  41 0.405 5280 29.9793
  42 0.415 5767.1 30.0282
  43 0.425 6166.4 30.052
  44 0.435 5608.1 30.135
  45 0.445 324.6 29.8978
  46 0.455 0 0
  47 0.465 0 0
  48 0.475 0 0
  49 0.485 0 0
  50 0.495 0 0
  51 0.505 0 0
  52 0.515 0 0
  53 0.525 0 0
  54 0.535 0 0
  55 0.545 0 0
  56 0.555 199.4 -31.217
  57 0.565 5521.7 -30.1132
  58 0.575 6381.6 -29.898
  59 0.585 5465.2 -29.9841
  60 0.595 5489.6 -30.0208
  61 0.605 5702.8 -30.0236
  62 0.615 5163.9 -29.9977
  63 0.625 3605.1 -29.9434
  64 0.635 3692.7 -29.956
  65 0.645 3641.3 -29.956
  66 0.655 3536.7 -29.9375
  67 0.665 5015.1 -30.0094
  68 0.675 5099.9 -29.9913
  69 0.685 5043.5 -30.0329
  70 0.695 6723.5 -29.9698
  71 0.705 5043 -30.0688
  72 0.715 5043 -30.0195
  73 0.725 6724 -30.0083
  74 0.735 5043 -30.0139
  75 0.745 5043.3 -30.0087
  76 0.755 6399.6 -30.0623
  77 0.765 3938.8 -29.9795
  78 0.775 3663 -29.9707
  79 0.785 3399.9 -29.9867
  80 0.795 3293.6 -29.9301
  81 0.805 4076.9 -29.9835
  82 0.815 5825.9 -30.0201
  83 0.825 5043 -30.0575
  84 0.835 5781.9 -30.0526
  85 0.845 5985.1 -30.0336
  86 0.855 5043 -29.9888
  87 0.865 5444.8 -30.0221
  88 0.875 6322.2 -29.978
  89 0.885 5043 -29.9929
  90 0.895 5634.3 -29.9586
  91 0.905 5047.7 -30.0122
  92 0.915 3629 -30.012
  93 0.925 3344.8 -30.0259
  94 0.935 3324.1 -29.96
  95 0.945 3327.8 -29.9924
  96 0.955 6290.2 -30.0128
  97 0.965 5043.1 -29.9862
  98 0.975 5043 -29.9909
  99 0.985 6724 -29.9908
  100 0.995 5043 -29.9307
70 100 437844
  1 0.005 5043 29.9653
  2 0.015 6723.3 30.0826
  3 0.025 5043.7 30.007
  4 0.035 5043 30.0229
  5 0.045 6169.6 30.0389
  6 0.055 3305.5 29.9857
  7 0.065 3303.9 30.0025
  8 0.075 3390.7 29.9572
  9 0.085 3614.4 30.0189
  10 0.095 4887 30.0429
  11 0.105 5926.9 29.9676
  12 0.115 5043 30.0097
  13 0.125 5575.6 30.0129
  14 0.135 6191.4 30.0173
  15 0.145 5043 29.9749
  16 0.155 5349.6 30.0041
  17 0.165 6417.4 29.9828
  18 0.175 5043 29.9902
  19 0.185 5607.9 29.9945
  20 0.195 4069.7 29.9382
  21 0.205 3313.8 29.9603
  22 0.215 3546.1 30.0744
  23 0.225 3671.2 29.9964
  24 0.235 3776.1 29.9203
  25 0.245 6612.6 30.0005
  26 0.255 5043.6 29.9782
  27 0.265 5043 29.9893
  28 0.275 6724 29.9863
  29 0.285 5043 29.9669
  30 0.295 5043 29.9974
  31 0.305 6718.3 29.9987
  32 0.315 5048.7 30.0561
  33 0.325 5049.2 30.0217
  34 0.335 4940 30.0042
  35 0.345 3545.6 30.0608
  36 0.355 3692 30.0706
  37 0.365 3698.6 30.0915
  38 0.375 3624.7 30.0862
  39 0.385 5149 29.9723
  40 0.395 5699.8 29.9717
  41 0.405 5239.1 29.9716
  42 0.415 5792 30.0293
  43 0.425 6105 30.0578
  44 0.435 5708.9 30.1016
  45 0.445 335.1 29.8012
  46 0.455 0 0
  47 0.465 0 0
  48 0.475 0 0
  49 0.485 0 0
  50 0.495 0 0
  51 0.505 0 0
  52 0.515 0 0
  53 0.525 0 0
  54 0.535 0 0
  55 0.545 0 0
  56 0.555 212 -32.0571
  57 0.565 5608.4 -30.0764
  58 0.575 6359.3 -29.9887
  59 0.585 5429.1 -29.9591
  60 0.595 5507.7 -30.0284
  61 0.605 5687.7 -30.0158
  62 0.615 5150.6 -29.9993
  63 0.625 3608 -29.9429
  64 0.635 3691.2 -29.9518
  65 0.645 3660.9 -29.9619
  66 0.655 3552.2 -29.943
  67 0.665 4977.1 -30.0061
  68 0.675 5070.8 -29.9893
  69 0.685 5044.5 -30.0343
  70 0.695 6722.5 -29.9686
  71 0.705 5043 -30.0684
  72 0.715 5043 -30.0199
  73 0.725 6724 -30.0074
  74 0.735 5043 -30.0153
  75 0.745 5044 -30.0077
  76 0.755 6492 -30.0627
  77 0.765 3873.3 -29.9799
  78 0.775 3663.6 -29.9725
  79 0.785 3469.4 -29.9711
  80 0.795 3260.3 -29.9497
  81 0.805 4096.3 -29.9916
  82 0.815 5742.1 -30.0148
  83 0.825 5043 -30.059
  84 0.835 6017.1 -30.0546
  85 0.845 5749.9 -30.0261
  86 0.855 5043 -29.9915
  87 0.865 5610.7 -30.0206
  88 0.875 6156.3 -29.9783
  89 0.885 5043 -29.9932
  90 0.895 5703.7 -29.9594
  91 0.905 5013.9 -30.0133
  92 0.915 3622.9 -30.0124
  93 0.925 3363.7 -30.0283
  94 0.935 3300.9 -29.9507
  95 0.945 3315.1 -29.9953
  96 0.955 6277.8 -30.0131
  97 0.965 5043 -29.9861
  98 0.975 5043 -29.9901
  99 0.985 6724 -29.9914
  100 0.995 5043 -29.9219
80 100 437844
  1 0.005 5043 29.9596
  2 0.015 6724 30.0821
  3 0.025 5043 30.0046
  4 0.035 5043 30.0233
  5 0.045 6152.1 30.04
  6 0.055 3283.8 29.982
  7 0.065 3297.2 29.9968
  8 0.075 3421.8 29.9706
  9 0.085 3609 30.0158
  10 0.095 4858.2 30.0474
  11 0.105 5975.9 29.9671
  12 0.115 5043 30.0087
  13 0.125 5397.7 30.0096
  14 0.135 6369.3 30.0191
  15 0.145 5043 29.975
  16 0.155 5218.2 30.0086
  17 0.165 6548.8 29.98
  18 0.175 5043 29.9898
  19 0.185 5521.8 29.9944
  20 0.195 4085.2 29.9344
  21 0.205 3326.3 29.9692
  22 0.215 3596.3 30.0707
  23 0.225 3671.4 29.997
  24 0.235 3731 29.9252
  25 0.245 6663.1 29.9988
  26 0.255 5045.9 29.9759
  27 0.265 5043 29.9913
  28 0.275 6722.7 29.9862
  29 0.285 5044.3 29.9673
  30 0.295 5043 29.997
  31 0.305 6705.9 30.001
  32 0.315 5061.1 30.0546
  33 0.325 5045.4 30.0194
  34 0.335 4899.5 30.0103
  35 0.345 3555.5 30.0542
  36 0.355 3706.7 30.0674
  37 0.365 3705.3 30.0975
  38 0.375 3616.1 30.0863
  39 0.385 5078.9 29.9713
  40 0.395 5748.3 29.9704
  41 0.405 5223.1 29.9719
  42 0.415 5797.9 30.0284
  43 0.425 6057.1 30.0265
  44 0.435 5794.6 30.1175
  45 0.445 350.3 29.747
  46 0.455 0.3 23.4568
  47 0.465 0 0
  48 0.475 0 0
  49 0.485 0 0
  50 0.495 0 0
  51 0.505 0 0
  52 0.515 0 0
  53 0.525 0 0
  54 0.535 0 0
  55 0.545 0 0
  56 0.555 231.2 -43.554
  57 0.565 5698.5 -29.8967
  58 0.575 6330 -29.7536
  59 0.585 5395.2 -29.9578
  60 0.595 5523.3 -30.0323
  61 0.605 5669.5 -30.0089
  62 0.615 5135.6 -29.9999
  63 0.625 3610.8 -29.9402
  64 0.635 3689.1 -29.9511
  65 0.645 3668.1 -29.9665
  66 0.655 3578.3 -29.942
  67 0.665 4926.7 -30.0085
  68 0.675 5058.7 -29.9883
  69 0.685 5046.6 -30.0356
  70 0.695 6720.4 -29.9676
  71 0.705 5043 -30.0675
  72 0.715 5043 -30.0203
  73 0.725 6724 -30.0064
  74 0.735 5043 -30.017
  75 0.745 5044 -30.0067
  76 0.755 6578.2 -30.0628
  77 0.765 3806.6 -29.9863
  78 0.775 3663.2 -29.9635
  79 0.785 3541.3 -29.9653
  80 0.795 3247 -29.9655
  81 0.805 4099.4 -29.9977
  82 0.815 5661.3 -30.0112
  83 0.825 5043 -30.0602
  84 0.835 6249.6 -30.0568
  85 0.845 5517.4 -30.0179
  86 0.855 5043 -29.9942
  87 0.865 5811.4 -30.0239
  88 0.875 5955.6 -29.9738
  89 0.885 5043 -29.9934
  90 0.895 5768.9 -29.9578
  91 0.905 4979.4 -30.0167
  92 0.915 3625.9 -30.018
  93 0.925 3372.2 -30.0094
  94 0.935 3288.9 -29.9627
  95 0.945 3294.7 -29.994
  96 0.955 6268 -30.0141
  97 0.965 5043 -29.986
  98 0.975 5043 -29.9892
  99 0.985 6724 -29.992
  100 0.995 5043 -29.914
90 100 437844
  1 0.005 5043 29.9547
  2 0.015 6724 30.0819
  3 0.025 5043 30.0021
  4 0.035 5043 30.0237
  5 0.045 6131.9 30.0413
  6 0.055 3268 29.9797
  7 0.065 3293.5 29.998
  8 0.075 3445.5 29.9672
  9 0.085 3611.2 30.0222
  10 0.095 4823.4 30.047
  11 0.105 6024.5 29.9696
  12 0.115 5043 30.0077
  13 0.125 5271.8 30.0015
  14 0.135 6495.2 30.0244
  15 0.145 5043 29.9754
  16 0.155 5137.4 30.0121
  17 0.165 6629.6 29.978
  18 0.175 5043 29.9895
  19 0.185 5432.2 29.9911
  20 0.195 4120.2 29.9407
  21 0.205 3343.3 29.9574
  22 0.215 3629.2 30.0722
  23 0.225 3673.2 30.004
  24 0.235 3703 29.9332
  25 0.245 6686.7 29.9964
  26 0.255 5053.2 29.9736
  27 0.265 5043 29.9934
  28 0.275 6714.3 29.9872
  29 0.285 5052.7 29.9665
  30 0.295 5043 29.9963
  31 0.305 6652.1 30.0034
  32 0.315 5114.9 30.0525
  33 0.325 5043 30.0172
  34 0.335 4867.9 30.0183
  35 0.345 3564.5 30.0444
  36 0.355 3715 30.0665
  37 0.365 3706 30.0974
  38 0.375 3604.8 30.0866
  39 0.385 5021 29.975
  40 0.395 5785.8 29.9692
  41 0.405 5220.1 29.9725
  42 0.415 5773 30.0207
  43 0.425 6032.4 30.0365
  44 0.435 5879.4 30.0718
  45 0.445 365.1 29.959
  46 0.455 1 24.0983
  47 0.465 0 0
  48 0.475 0 0
  49 0.485 0 0
  50 0.495 0 0
  51 0.505 0 0
  52 0.515 0 0
  53 0.525 0.1 -4741.25
  54 0.535 0.5 -4741.25
  55 0.545 0.4 -4741.25
  56 0.555 240.9 -33.0112
  57 0.565 5789.6 -30.0555
  58 0.575 6297.9 -29.5787
  59 0.585 5378 -29.5869
  60 0.595 5540.7 -30.0276
  61 0.605 5643 -30.0096
  62 0.615 5120.7 -29.9978
  63 0.625 3609.6 -29.9483
  64 0.635 3693.3 -29.9488
  65 0.645 3677.4 -29.9654
  66 0.655 3586.5 -29.9422
  67 0.665 4887.6 -30.0095
  68 0.675 5048.8 -29.9884
  69 0.685 5070.4 -30.0391
  70 0.695 6696.6 -29.9648
  71 0.705 5043 -30.0662
  72 0.715 5045.2 -30.0204
  73 0.725 6721.8 -30.0056
  74 0.735 5043 -30.0188
  75 0.745 5044.3 -30.0055
  76 0.755 6645 -30.062
  77 0.765 3748.2 -29.9917
  78 0.775 3666.2 -29.9608
  79 0.785 3596.3 -29.9702
  80 0.795 3260.9 -29.9677
  81 0.805 4105.4 -29.9972
  82 0.815 5574.7 -30.0123
  83 0.825 5043 -30.0609
  84 0.835 6428.4 -30.0523
  85 0.845 5338.6 -30.0174
  86 0.855 5043 -29.9969
  87 0.865 6014.2 -30.0214
  88 0.875 5752.8 -29.9745
  89 0.885 5043 -29.9935
  90 0.895 5823.1 -29.9568
  91 0.905 4946.2 -30.0181
  92 0.915 3626.2 -30.0218
  93 0.925 3404.7 -30.0135
  94 0.935 3254.6 -29.9522
  95 0.945 3289.3 -30.0022
  96 0.955 6253.9 -30.0121
  97 0.965 5043 -29.9859
  98 0.975 5043 -29.9882
  99 0.985 6724 -29.9927
  100 0.995 5043 -29.9068
100 100 437844
  1 0.005 5043 29.9505
  2 0.015 6724 30.0817
  3 0.025 5043 29.9998
  4 0.035 5043 30.024
  5 0.045 6105.3 30.0372
  6 0.055 3271.4 29.9842
  7 0.065 3275.8 30.003
  8 0.075 3471.6 29.967
  9 0.085 3615.4 30.028
  10 0.095 4782.4 30.0424
  11 0.105 6076.1 29.974
  12 0.115 5043 30.0065
  13 0.125 5183.8 29.9991
  14 0.135 6583.2 30.025
  15 0.145 5043 29.9761
  16 0.155 5089.2 30.0157
  17 0.165 6677.8 29.9759
  18 0.175 5043 29.9894
  19 0.185 5344.8 29.988
  20 0.195 4147.8 29.95
  21 0.205 3379.7 29.9553
  22 0.215 3651.7 30.0624
  23 0.225 3674 30.0106
  24 0.235 3687.6 29.9402
  25 0.245 6677.4 29.9939
  26 0.255 5078 29.9719
  27 0.265 5043 29.9955
  28 0.275 6671.4 29.9843
  29 0.285 5095.6 29.9709
  30 0.295 5043 29.9952
  31 0.305 6492.5 30.0044
  32 0.315 5274.5 30.0513
  33 0.325 5043 30.0144
  34 0.335 4833.4 30.0236
  35 0.345 3583.6 30.0433
  36 0.355 3715.3 30.0615
  37 0.365 3706.8 30.0998
  38 0.375 3597.5 30.0916
  39 0.385 4987.3 29.9719
  40 0.395 5799 29.971
  41 0.405 5222.2 29.9712
  42 0.415 5729.8 30.0185
  43 0.425 6009.5 30.0287
  44 0.435 5970 30.0581
  45 0.445 380.6 30.061
  46 0.455 1 25.7232
  47 0.465 0 0
  48 0.475 0 0
  49 0.485 0 0
  50 0.495 0 0
  51 0.505 0.1 -4741.25
  52 0.515 0.5 -4741.25
  53 0.525 0.4 -4741.25
  54 0.535 0 0
  55 0.545 0 0
  56 0.555 252.9 -33.1752
  57 0.565 5886.4 -30.0696
  58 0.575 6242.3 -29.8419
  59 0.585 5380.1 -29.7775
  60 0.595 5572.2 -29.6214
  61 0.605 5592 -29.8843
  62 0.615 5123.4 -29.9937
  63 0.625 3595.9 -29.963
  64 0.635 3693.4 -29.9442
  65 0.645 3686.1 -29.9587
  66 0.655 3588.6 -29.946
  67 0.665 4856.7 -30.0093
  68 0.675 5044 -29.9883
  69 0.685 5165.4 -30.0454
  70 0.695 6601.6 -29.9591
  71 0.705 5043 -30.0646
  72 0.715 5050.3 -30.0193
  73 0.725 6716.7 -30.0057
  74 0.735 5043 -30.0207
  75 0.745 5046.4 -30.0041
  76 0.755 6683.8 -30.0596
  77 0.765 3709.4 -30
  78 0.775 3668.6 -29.9586
  79 0.785 3628.5 -29.9678
  80 0.795 3294.8 -29.9786
  81 0.805 4118.4 -30.0039
  82 0.815 5491.1 -30.008
  83 0.825 5043 -30.0612
  84 0.835 6558.3 -30.05
  85 0.845 5208.7 -30.0153
  86 0.855 5043 -29.9995
  87 0.865 6210.5 -30.0162
  88 0.875 5556.5 -29.9786
  89 0.885 5043 -29.9937
  90 0.895 5884.1 -29.9601
  91 0.905 4898.6 -30.013
  92 0.915 3636.1 -30.0275
  93 0.925 3431.8 -30.0161
  94 0.935 3232.6 -29.947
  95 0.945 3276.2 -30.0063
  96 0.955 6238.6 -30.0109
  97 0.965 5043 -29.9856
  98 0.975 5043 -29.9872
  99 0.985 6724 -29.9935
  100 0.995 5043 -29.9006
110 100 437844
  1 0.005 5043 29.9472
  2 0.015 6723.5 30.0816
  3 0.025 5043.5 29.9978
  4 0.035 5043 30.0241
  5 0.045 6082.6 30.0368
  6 0.055 3265.2 29.9845
  7 0.065 3264.7 30.0064
  8 0.075 3503.7 29.9662
  9 0.085 3616.5 30.0338
  10 0.095 4740.9 30.0403
  11 0.105 6124.4 29.9757
  12 0.115 5043 30.0051
  13 0.125 5121.6 29.9964
  14 0.135 6645.4 30.0256
  15 0.145 5043 29.9768
  16 0.155 5064.9 30.016
  17 0.165 6702.1 29.9762
  18 0.175 5043 29.9893
  19 0.185 5268.9 29.9815
  20 0.195 4170.7 29.9492
  21 0.205 3420.1 29.9655
  22 0.215 3664.3 30.0585
  23 0.225 3674 30.0158
  24 0.235 3677 29.9494
  25 0.245 6621.5 29.9904
  26 0.255 5144.5 29.9706
  27 0.265 5043 29.9977
  28 0.275 6547.6 29.9822
  29 0.285 5219.4 29.9745
  30 0.295 5043 29.9938
  31 0.305 6197 30.0112
  32 0.315 5570 30.0426
  33 0.325 5043 30.0119
  34 0.335 4809.9 30.0294
  35 0.345 3593.8 30.0372
  36 0.355 3715.1 30.0647
  37 0.365 3709.1 30.0964
  38 0.375 3586.4 30.0949
  39 0.385 4960 29.9731
  40 0.395 5810.6 29.9712
  41 0.405 5225 29.9732
  42 0.415 5675 30.0136
  43 0.425 6008.3 30.0713
  44 0.435 6044.3 29.9976
  45 0.445 397.5 30.1542
  46 0.455 1 28.1096
  47 0.465 0 0
  48 0.475 0 0
  49 0.485 0.1 -4741.25
  50 0.495 0.5 -4741.25
  51 0.505 0.4 -4741.25
  52 0.515 0 0
  53 0.525 0 0
  54 0.535 0 0
  55 0.545 0 0
  56 0.555 269.7 -32.7742
  57 0.565 5980.7 -30.0837
  58 0.575 6181.9 -29.9777
  59 0.585 5407.9 -29.6774
  60 0.595 5572 -30.0441
  61 0.605 5551.1 -29.696
  62 0.615 5115.3 -29.6704
  63 0.625 3593.1 -29.9737
  64 0.635 3688.6 -29.9381
  65 0.645 3690.8 -29.9535
  66 0.655 3589 -29.9476
  67 0.665 4830.9 -30.0105
  68 0.675 5043 -29.9891
  69 0.685 5348.9 -30.0478
  70 0.695 6418.1 -29.9551
  71 0.705 5043 -30.0626
  72 0.715 5083 -30.0202
  73 0.725 6684 -30.0043
  74 0.735 5043 -30.0227
  75 0.745 5058.6 -30.0026
  76 0.755 6696.9 -30.0582
  77 0.765 3685.9 -30.0059
  78 0.775 3673.6 -29.9584
  79 0.785 3645.3 -29.9622
  80 0.795 3326.9 -29.998
  81 0.805 4151 -30.0055
  82 0.815 5402.8 -30.0039
  83 0.825 5043 -30.061
  84 0.835 6636.5 -30.0453
  85 0.845 5130.5 -30.0169
  86 0.855 5043 -30.0021
  87 0.865 6361.8 -30.007
  88 0.875 5405.2 -29.9881
  89 0.885 5043 -29.9937
  90 0.895 5944 -29.964
  91 0.905 4858.2 -30.0131
  92 0.915 3634.7 -30.0235
  93 0.925 3460.2 -30.0253
  94 0.935 3212.9 -29.9444
  95 0.945 3267.4 -29.9993
  96 0.955 6220.6 -30.012
  97 0.965 5043 -29.9853
  98 0.975 5043 -29.9861
  99 0.985 6724 -29.9942
  100 0.995 5043 -29.8953
120 100 437844
  1 0.005 5043 29.9447
  2 0.015 6722.8 30.0816
  3 0.025 5044.2 29.996
  4 0.035 5043 30.0241
  5 0.045 6061.7 30.0357
  6 0.055 3258.1 29.9768
  7 0.065 3256.5 30.0205
  8 0.075 3533.6 29.9666
  9 0.085 3617 30.0361
  10 0.095 4697 30.038
  11 0.105 6174.1 29.9782
  12 0.115 5043 30.0036
  13 0.125 5093.5 29.9952
  14 0.135 6673.5 30.0252
  15 0.145 5043 29.9778
  16 0.155 5049.5 30.0186
  17 0.165 6717.5 29.9748
  18 0.175 5043 29.9894
  19 0.185 5200 29.9738
  20 0.195 4201.8 29.9539
  21 0.205 3451.4 29.9731
  22 0.215 3670.8 30.0518
  23 0.225 3674 30.0207
  24 0.235 3676 29.9585
  25 0.245 6494.3 29.9863
  26 0.255 5272.7 29.9707
  27 0.265 5043 29.9998
  28 0.275 6297.4 29.9856
  29 0.285 5469.6 29.9715
  30 0.295 5043 29.9921
  31 0.305 5796.4 30.0013
  32 0.315 5970.6 30.0512
  33 0.325 5043 30.0096
  34 0.335 4791.7 30.0361
  35 0.345 3601.8 30.0328
  36 0.355 3717 30.0662
  37 0.365 3706.4 30.0974
  38 0.375 3575.5 30.0902
  39 0.385 4936.6 29.9776
  40 0.395 5816.4 29.9738
  41 0.405 5234.4 29.9711
  42 0.415 5614.5 30.0111
  43 0.425 5995.6 30.0753
  44 0.435 6129.4 29.9785
  45 0.445 415.7 30.2432
  46 0.455 1 30.5615
  47 0.465 0.1 -4741.25
  48 0.475 0.5 -4741.25
  49 0.485 0.4 -4741.25
  50 0.495 0 0
  51 0.505 0 0
  52 0.515 0 0
  53 0.525 0 0
  54 0.535 0 0
  55 0.545 0 0
  56 0.555 284 -32.827
  57 0.565 6071.1 -30.0706
  58 0.575 6126.3 -29.9745
  59 0.585 5425.7 -29.8748
  60 0.595 5584.6 -29.8337
  61 0.605 5513.4 -29.9948
  62 0.615 5095.4 -29.7998
  63 0.625 3593.1 -29.2933
  64 0.635 3681.6 -29.9394
  65 0.645 3692.8 -29.9512
  66 0.655 3598 -29.9451
  67 0.665 4805 -30.0106
  68 0.675 5043 -29.9902
  69 0.685 5677.3 -30.0487
  70 0.695 6089.7 -29.9499
  71 0.705 5043 -30.0602
  72 0.715 5220.9 -30.0213
  73 0.725 6546.1 -30.0024
  74 0.735 5043 -30.0247
  75 0.745 5098.4 -29.9992
  76 0.755 6664 -30.0598
  77 0.765 3680.6 -30.0112
  78 0.775 3673.6 -29.9572
  79 0.785 3661.4 -29.9601
  80 0.795 3369.3 -30.0041
  81 0.805 4156.7 -30.0061
  82 0.815 5337 -30.0061
  83 0.825 5043 -30.0603
  84 0.835 6682.8 -30.0464
  85 0.845 5084.2 -30.0115
  86 0.855 5043 -30.0047
  87 0.865 6502.6 -30.0049
  88 0.875 5264.4 -29.9899
  89 0.885 5043 -29.9938
  90 0.895 6000.2 -29.9669
  91 0.905 4821 -30.0123
  92 0.915 3635.5 -30.0289
  93 0.925 3475 -30.0135
  94 0.935 3207.4 -29.9491
  95 0.945 3254.9 -30.0045
  96 0.955 6204 -30.0114
  97 0.965 5043 -29.9849
  98 0.975 5043 -29.9849
  99 0.985 6724 -29.995
  100 0.995 5043 -29.891
130 100 437844
  1 0.005 5043 29.943
  2 0.015 6722 30.0816
  3 0.025 5045 29.9946
  4 0.035 5043 30.0239
  5 0.045 6040.2 30.0354
  6 0.055 3243 29.9688
  7 0.065 3263 30.0256
  8 0.075 3557.7 29.9709
  9 0.085 3619.2 30.0427
  10 0.095 4649.4 30.039
  11 0.105 6225.5 29.9773
  12 0.115 5043 30.002
  13 0.125 5068.1 29.9951
  14 0.135 6698.9 30.0238
  15 0.145 5043 29.9788
  16 0.155 5045.2 30.0209
  17 0.165 6721.8 29.9734
  18 0.175 5043 29.9896
  19 0.185 5152.7 29.9748
  20 0.195 4214.3 29.9494
  21 0.205 3483.1 29.9776
  22 0.215 3673.9 30.046
  23 0.225 3674 30.0252
  24 0.235 3676 29.9686
  25 0.245 6277.3 29.9836
  26 0.255 5489.7 29.9688
  27 0.265 5043 30.0018
  28 0.275 5899.4 29.9893
  29 0.285 5867.6 29.9694
  30 0.295 5043 29.9901
  31 0.305 5415.7 29.9998
  32 0.315 6351.3 30.0503
  33 0.325 5043 30.0076
  34 0.335 4777.1 30.0417
  35 0.345 3611.1 30.0344
  36 0.355 3714.3 30.0629
  37 0.365 3705.4 30.1001
  38 0.375 3557.8 30.0805
  39 0.385 4929.9 29.982
  40 0.395 5799.3 29.9764
  41 0.405 5243.8 29.9728
  42 0.415 5570.1 30.0093
  43 0.425 5985.2 30.0638
  44 0.435 6213.9 29.9984
  45 0.445 427.2 28.9828
  46 0.455 1.5 -1559.11
  47 0.465 0.4 -4741.25
  48 0.475 0 0
  49 0.485 0 0
  50 0.495 0 0
  51 0.505 0 0
  52 0.515 0 0
  53 0.525 0 0
  54 0.535 0 0
  55 0.545 0.5 -387.504
  56 0.555 305.2 -32.1493
  57 0.565 6137.7 -30.0625
  58 0.575 6071.7 -29.9857
  59 0.585 5458.9 -29.9607
  60 0.595 5608.9 -29.8918
  61 0.605 5458.6 -29.9878
  62 0.615 5089.7 -30.3754
  63 0.625 3578.4 -30.5074
  64 0.635 3678.7 -29.4026
  65 0.645 3698.5 -29.421
  66 0.655 3597.5 -29.1402
  67 0.665 4786.6 -29.5995
  68 0.675 5043.1 -29.798
  69 0.685 6081.1 -30.0526
  70 0.695 5685.9 -29.9395
  71 0.705 5043 -30.0576
  72 0.715 5491 -30.0183
  73 0.725 6276 -30.0037
  74 0.735 5043 -30.0267
  75 0.745 5200.6 -30.0016
  76 0.755 6563.2 -30.0571
  77 0.765 3679.2 -30.0165
  78 0.775 3674 -29.9565
  79 0.785 3672.9 -29.9563
  80 0.795 3405.6 -30.0124
  81 0.805 4172.3 -30.0101
  82 0.815 5273.2 -30.0055
  83 0.825 5043 -30.0592
  84 0.835 6711.2 -30.0471
  85 0.845 5055.8 -30.0073
  86 0.855 5043 -30.0071
  87 0.865 6600 -30.0063
  88 0.875 5167 -29.9874
  89 0.885 5043 -29.9937
  90 0.895 6050.4 -29.9714
  91 0.905 4789.1 -30.0117
  92 0.915 3635.2 -30.0306
  93 0.925 3488.7 -30.0046
  94 0.935 3198.9 -29.9483
  95 0.945 3249.6 -30.0083
  96 0.955 6186.1 -30.0135
  97 0.965 5043 -29.9844
  98 0.975 5043 -29.9837
  99 0.985 6724 -29.9957
  100 0.995 5043 -29.8877
140 100 437844
  1 0.005 5043 29.9422
  2 0.015 6722 30.082
  3 0.025 5045 29.9931
  4 0.035 5043 30.0236
  5 0.045 6020.2 30.0282
  6 0.055 3234.2 29.9785
  7 0.065 3263.9 30.0284
  8 0.075 3578.8 29.9724
  9 0.085 3621.4 30.0495
  10 0.095 4616.4 30.0407
  11 0.105 6263.1 29.9757
  12 0.115 5043 30.0004
  13 0.125 5053.7 29.9972
  14 0.135 6713.3 30.0208
  15 0.145 5043 29.9799
  16 0.155 5043.3 30.0226
  17 0.165 6723.7 29.9727
  18 0.175 5043 29.9899
  19 0.185 5117.1 29.9759
  20 0.195 4221.9 29.9414
  21 0.205 3511 29.9882
  22 0.215 3674 30.0383
  23 0.225 3674 30.0294
  24 0.235 3676 29.9789
  25 0.245 6022.5 29.9915
  26 0.255 5744.5 29.9559
  27 0.265 5043 30.0036
  28 0.275 5495.6 29.9927
  29 0.285 6271.4 29.9685
  30 0.295 5043 29.9879
  31 0.305 5192.6 30.0062
  32 0.315 6574.4 30.0443
  33 0.325 5043 30.006
  34 0.335 4760.7 30.0482
  35 0.345 3619.9 30.034
  36 0.355 3713.9 30.0605
  37 0.365 3704.7 30.1036
  38 0.375 3549.1 30.0737
  39 0.385 4918.2 29.983
  40 0.395 5771.5 29.9819
  41 0.405 5272.1 29.9703
  42 0.415 5510.6 30.003
  43 0.425 5976.9 29.9657
  44 0.435 6293.1 29.6454
  45 0.445 445.3 25.759
  46 0.455 1 32.4785
  47 0.465 0 0
  48 0.475 0 0
  49 0.485 0 0
  50 0.495 0 0
  51 0.505 0 0
  52 0.515 0 0
  53 0.525 0 0
  54 0.535 0 0
  55 0.545 1 -387.504
  56 0.555 323.6 -31.5208
  57 0.565 6231.2 -30.0862
  58 0.575 6001.1 -29.9757
  59 0.585 5471.3 -29.9521
  60 0.595 5651.4 -30.1285
  61 0.605 5402.5 -30.4782
  62 0.615 5081 -30.0296
  63 0.625 3564.5 -29.9735
  64 0.635 3671 -29.9339
  65 0.645 3695.4 -29.9395
  66 0.655 3603.3 -29.9592
  67 0.665 4772.7 -30.0058
  68 0.675 5043.2 -29.6075
  69 0.685 6418.7 -29.7449
  70 0.695 5348.8 -29.3861
  71 0.705 5043.2 -29.6659
  72 0.715 5868.6 -29.8506
  73 0.725 5898.5 -30.003
  74 0.735 5043 -30.0284
  75 0.745 5375.4 -30.0098
  76 0.755 6390.3 -30.0499
  77 0.765 3677.3 -30.0215
  78 0.775 3674 -29.9556
  79 0.785 3675 -29.9536
  80 0.795 3447.5 -30.0123
  81 0.805 4188.2 -30.0177
  82 0.815 5213.3 -30.0067
  83 0.825 5043 -30.0575
  84 0.835 6719.9 -30.0475
  85 0.845 5047.1 -30.0042
  86 0.855 5043 -30.0094
  87 0.865 6662.5 -30.0046
  88 0.875 5104.5 -29.9889
  89 0.885 5043 -29.9937
  90 0.895 6105.6 -29.9748
  91 0.905 4740.8 -30.0139
  92 0.915 3640.8 -30.0238
  93 0.925 3510.6 -30.0018
  94 0.935 3200 -29.9553
  95 0.945 3233 -30.0085
  96 0.955 6167.2 -30.0143
  97 0.965 5043 -29.9838
  98 0.975 5043 -29.9825
  99 0.985 6724 -29.9963
  100 0.995 5043 -29.8855
150 100 437844
  1 0.005 5043 29.942
  2 0.015 6722 30.0825
  3 0.025 5045 29.9919
  4 0.035 5043 30.023
  5 0.045 5989.8 30.0268
  6 0.055 3239.6 29.9817
  7 0.065 3267.2 30.0258
  8 0.075 3593.4 29.9751
  9 0.085 3624.3 30.0548
  10 0.095 4582.3 30.0436
  11 0.105 6301.4 29.9739
  12 0.115 5043 29.9986
  13 0.125 5045.5 29.998
  14 0.135 6721.5 30.0188
  15 0.145 5043 29.981
  16 0.155 5043 30.024
  17 0.165 6724 29.9721
  18 0.175 5043 29.9904
  19 0.185 5091.8 29.9778
  20 0.195 4222.6 29.9361
  21 0.205 3535.6 29.9941
  22 0.215 3674 30.0305
  23 0.225 3674 30.0331
  24 0.235 3676 29.9891
  25 0.245 5740.1 29.9905
  26 0.255 6026.9 29.9537
  27 0.265 5043 30.0053
  28 0.275 5215.5 29.9932
  29 0.285 6551.5 29.9699
  30 0.295 5043 29.9855
  31 0.305 5084.8 30.0051
  32 0.315 6682.2 30.045
  33 0.325 5043 30.0046
  34 0.335 4752 30.0533
  35 0.345 3623.6 30.0345
  36 0.355 3710.3 30.0597
  37 0.365 3700.5 30.1045
  38 0.375 3527.9 30.0667
  39 0.385 4916.5 29.9836
  40 0.395 5711.1 29.985
  41 0.405 5338 29.8872
  42 0.415 5455.5 29.5671
  43 0.425 5976.5 29.7345
  44 0.435 6357.4 30.0312
  45 0.445 465.8 30.176
  46 0.455 1.9 29.9247
  47 0.465 0 0
  48 0.475 0 0
  49 0.485 0 0
  50 0.495 0 0
  51 0.505 0 0
  52 0.515 0 0
  53 0.525 0 0
  54 0.535 0 0
  55 0.545 1 -387.504
  56 0.555 342.4 -31.541
  57 0.565 6325.5 -30.0554
  58 0.575 5931.5 -30.2083
  59 0.585 5488.8 -30.3871
  60 0.595 5653.8 -30.062
  61 0.605 5388.9 -29.9436
  62 0.615 5056 -29.9401
  63 0.625 3553.5 -29.9778
  64 0.635 3669.7 -29.9316
  65 0.645 3691 -29.9305
  66 0.655 3606.7 -29.9672
  67 0.665 4761.2 -30.0039
  68 0.675 5043 -29.9966
  69 0.685 6608.5 -30.039
  70 0.695 5158.5 -29.9476
  71 0.705 5043 -30.0516
  72 0.715 6250.3 -29.8699
  73 0.725 5517.1 -29.4579
  74 0.735 5043.2 -29.6278
  75 0.745 5631.7 -29.6614
  76 0.755 6135.7 -29.709
  77 0.765 3676 -30.025
  78 0.775 3674 -29.9546
  79 0.785 3675 -29.9517
  80 0.795 3481.9 -30.0161
  81 0.805 4213 -30.0228
  82 0.815 5154.1 -30.0067
  83 0.825 5043 -30.0555
  84 0.835 6723 -30.0487
  85 0.845 5044 -30.0005
  86 0.855 5043 -30.0116
  87 0.865 6692.1 -30.0047
  88 0.875 5074.9 -29.988
  89 0.885 5043 -29.9936
  90 0.895 6152.3 -29.9767
  91 0.905 4700.5 -30.0146
  92 0.915 3645.6 -30.0244
  93 0.925 3532.7 -30.0062
  94 0.935 3206.2 -29.9563
  95 0.945 3211 -29.9996
  96 0.955 6149.7 -30.0176
  97 0.965 5043 -29.9832
  98 0.975 5043 -29.9813
  99 0.985 6724 -29.9969
  100 0.995 5043 -29.8843
160 100 437844
  1 0.005 5043 29.9426
  2 0.015 6722 30.0831
  3 0.025 5045 29.9909
  4 0.035 5043 30.0222
  5 0.045 5962.5 30.0229
  6 0.055 3239.3 29.9842
  7 0.065 3275 30.0224
  8 0.075 3607.8 29.9855
  9 0.085 3628.1 30.0591
  10 0.095 4544.5 30.0436
  11 0.105 6340.8 29.9733
  12 0.115 5043 29.9968
  13 0.125 5043 29.9983
  14 0.135 6724 30.0173
  15 0.145 5043 29.982
  16 0.155 5043 30.0255
  17 0.165 6724 29.9715
  18 0.175 5043 29.9909
  19 0.185 5067.4 29.9812
  20 0.195 4221.7 29.9248
  21 0.205 3560.9 30.0049
  22 0.215 3674 30.0228
  23 0.225 3674 30.0366
  24 0.235 3676 29.9992
  25 0.245 5459.4 29.9842
  26 0.255 6307.6 29.9565
  27 0.265 5043 30.0068
  28 0.275 5092.3 29.9987
  29 0.285 6674.7 29.9669
  30 0.295 5043 29.983
  31 0.305 5051.7 30.008
  32 0.315 6715.3 30.0429
  33 0.325 5043 30.0036
  34 0.335 4744.2 30.0563
  35 0.345 3626.6 30.0376
  36 0.355 3707.7 30.0572
  37 0.365 3698.3 30.1037
  38 0.375 3509.5 30.0613
  39 0.385 4915.2 29.9897
  40 0.395 5619.2 29.6065
  41 0.405 5432 29.5495
  42 0.415 5401 29.995
  43 0.425 5971.7 30.0386
  44 0.435 6424.3 30.0459
  45 0.445 485.3 30.3836
  46 0.455 2 29.0915
  47 0.465 0 0
  48 0.475 0 0
  49 0.485 0 0
  50 0.495 0 0
  51 0.505 0 0
  52 0.515 0 0
  53 0.525 0 0
  54 0.535 0 0
  55 0.545 1.4 -351.756
  56 0.555 358.2 -33.9077
  57 0.565 6416.1 -30.4284
  58 0.575 5857.1 -30.173
  59 0.585 5505.7 -30.0158
  60 0.595 5643.2 -29.9894
  61 0.605 5410.3 -29.8521
  62 0.615 5026.5 -29.942
  63 0.625 3537.1 -29.9795
  64 0.635 3669.3 -29.928
  65 0.645 3680.1 -29.9246
  66 0.655 3612.5 -29.9721
  67 0.665 4752.5 -30.0025
  68 0.675 5043 -29.9979
  69 0.685 6697.6 -30.0366
  70 0.695 5069.4 -29.9505
  71 0.705 5043 -30.0483
  72 0.715 6519.7 -30.0285
  73 0.725 5247.3 -30.0049
  74 0.735 5043 -30.0313
  75 0.745 5953.2 -30.0255
  76 0.755 5813.9 -29.8635
  77 0.765 3676.2 -29.4756
  78 0.775 3674.2 -29.3965
  79 0.785 3675.3 -29.1146
  80 0.795 3514.5 -29.4406
  81 0.805 4209.9 -30.0225
  82 0.815 5124.8 -30.0092
  83 0.825 5043 -30.0529
  84 0.835 6723.4 -30.0496
  85 0.845 5043.6 -29.9978
  86 0.855 5043 -30.0137
  87 0.865 6706.2 -30.0037
  88 0.875 5060.8 -29.9886
  89 0.885 5043 -29.9934
  90 0.895 6206.7 -29.9792
  91 0.905 4654.4 -30.0163
  92 0.915 3644.2 -30.023
  93 0.925 3546.9 -30.0028
  94 0.935 3219.1 -29.9628
  95 0.945 3198.5 -30.0035
  96 0.955 6128.2 -30.0156
  97 0.965 5043 -29.9825
  98 0.975 5043 -29.9801
  99 0.985 6724 -29.9974
  100 0.995 5043 -29.8842
170 100 437844
  1 0.005 5043 29.9439
  2 0.015 6722 30.0838
  3 0.025 5045 29.9902
  4 0.035 5043 30.0212
  5 0.045 5936.7 30.0191
  6 0.055 3233.3 29.9837
  7 0.065 3290.5 30.0296
  8 0.075 3618.2 29.9867
  9 0.085 3629.2 30.0623
  10 0.095 4513.2 30.0429
  11 0.105 6376.9 29.9746
  12 0.115 5043 29.9949
  13 0.125 5043 29.9991
  14 0.135 6724 30.0154
  15 0.145 5043 29.9831
  16 0.155 5043 30.0267
  17 0.165 6724 29.971
  18 0.175 5043 29.9916
  19 0.185 5057.5 29.9818
  20 0.195 4213.9 29.9203
  21 0.205 3578.6 30.0115
  22 0.215 3674 30.0152
  23 0.225 3674 30.0396
  24 0.235 3676 30.0087
  25 0.245 5263.3 29.9771
  26 0.255 6503.7 29.959
  27 0.265 5043 30.0081
  28 0.275 5053.6 30.001
  29 0.285 6713.4 29.9664
  30 0.295 5043 29.9803
  31 0.305 5043.9 30.011
  32 0.315 6723.1 30.0408
  33 0.325 5043 30.0029
  34 0.335 4736.7 30.059
  35 0.345 3628.8 30.037
  36 0.355 3709.3 30.0588
  37 0.365 3689.7 30.1021
  38 0.375 3489.1 29.5515
  39 0.385 4918.9 29.4619
  40 0.395 5519.9 29.9966
  41 0.405 5535 29.9496
  42 0.415 5348.5 29.9945
  43 0.425 5943.5 30.0188
  44 0.435 6509.4 30.0951
  45 0.445 506.2 30.3035
  46 0.455 2 28.2604
  47 0.465 0 0
  48 0.475 0 0
  49 0.485 0 0
  50 0.495 0 0
  51 0.505 0 0
  52 0.515 0 0
  53 0.525 0 0
  54 0.535 0.2 -4847.28
  55 0.545 2.9 -1089
  56 0.555 376.7 -34.3843
  57 0.565 6485.1 -30.0608
  58 0.575 5815.9 -29.9247
  59 0.585 5512.1 -30.0049
  60 0.595 5632.6 -29.9972
  61 0.605 5418.6 -29.8356
  62 0.615 4992.7 -29.9394
  63 0.625 3539.9 -29.982
  64 0.635 3657.8 -29.9318
  65 0.645 3674.4 -29.9141
  66 0.655 3616.6 -29.9754
  67 0.665 4744.5 -30.0022
  68 0.675 5043 -29.9992
  69 0.685 6721.7 -30.0351
  70 0.695 5045.3 -29.9536
  71 0.705 5043 -30.0449
  72 0.715 6665 -30.0299
  73 0.725 5102 -30.0028
  74 0.735 5043 -30.0323
  75 0.745 6226.3 -30.0239
  76 0.755 5540.7 -30.0405
  77 0.765 3676 -30.0348
  78 0.775 3674 -29.9526
  79 0.785 3675 -29.9483
  80 0.795 3541.6 -30.0103
  81 0.805 4209.5 -29.5408
  82 0.815 5098.4 -29.4163
  83 0.825 5043.2 -29.6481
  84 0.835 6724.2 -29.7492
  85 0.845 5043.1 -29.7945
  86 0.855 5043 -30.0157
  87 0.865 6717.2 -30.0041
  88 0.875 5049.8 -29.9872
  89 0.885 5043 -29.9933
  90 0.895 6241.5 -29.9798
  91 0.905 4626.9 -30.021
  92 0.915 3640 -30.0192
  93 0.925 3565.9 -30.0054
  94 0.935 3220.3 -29.9596
  95 0.945 3201.3 -30.0089
  96 0.955 6102.1 -30.0156
  97 0.965 5043 -29.9818
  98 0.975 5043 -29.9789
  99 0.985 6724 -29.9978
  100 0.995 5043 -29.8849
180 100 437844
  1 0.005 5043 29.9458
  2 0.015 6722 30.0846
  3 0.025 5045 29.9898
  4 0.035 5043 30.0199
  5 0.045 5909.9 30.0121
  6 0.055 3234.8 29.9971
  7 0.065 3306.1 30.0347
  8 0.075 3623.9 29.9812
  9 0.085 3630.6 30.0684
  10 0.095 4474.8 30.0386
  11 0.105 6417.9 29.9774
  12 0.115 5043 29.993
  13 0.125 5043 30.0002
  14 0.135 6724 30.0133
  15 0.145 5043 29.984
  16 0.155 5043 30.0278
  17 0.165 6723.7 29.9708
  18 0.175 5043.3 29.9923
  19 0.185 5050.5 29.981
  20 0.195 4207.8 29.9178
  21 0.205 3591 30.0176
  22 0.215 3674.7 30.008
  23 0.225 3674 30.0423
  24 0.235 3676 30.0177
  25 0.245 5147.4 29.968
  26 0.255 6619.6 29.9629
  27 0.265 5043 30.0091
  28 0.275 5044.1 29.9997
  29 0.285 6722.9 29.9684
  30 0.295 5043 29.9775
  31 0.305 5043 30.0138
  32 0.315 6722.1 30.0385
  33 0.325 5044.9 30.0028
  34 0.335 4732.5 30.0633
  35 0.345 3626.7 30.0348
  36 0.355 3707.9 29.5867
  37 0.365 3688.9 29.5031
  38 0.375 3471.2 29.9195
  39 0.385 4914.6 30.0037
  40 0.395 5450.9 29.998
  41 0.405 5606.8 29.9534
  42 0.415 5297.3 29.9904
  43 0.425 5916.4 30.0229
  44 0.435 6596.5 30.1134
  45 0.445 525 30.3332
  46 0.455 2.3 27.6781
  47 0.465 0 0
  48 0.475 0 0
  49 0.485 0 0
  50 0.495 0 0
  51 0.505 0 0
  52 0.515 0.3 -4847.28
  53 0.525 0.5 -4847.28
  54 0.535 0.2 -4847.28
  55 0.545 3 -287.11
  56 0.555 398.8 -30.1039
  57 0.565 6552.9 -30.0543
  58 0.575 5773.4 -29.9842
  59 0.585 5515.5 -29.9571
  60 0.595 5632.9 -29.9973
  61 0.605 5412.4 -29.8341
  62 0.615 4967.1 -29.9351
  63 0.625 3532.1 -29.9831
  64 0.635 3656.9 -29.9348
  65 0.645 3667.8 -29.9066
  66 0.655 3618.9 -29.9807
  67 0.665 4737.3 -30.0002
  68 0.675 5043 -30.0004
  69 0.685 6724 -30.0345
  70 0.695 5043 -29.956
  71 0.705 5043 -30.0414
  72 0.715 6708.9 -30.0295
  73 0.725 5058.1 -30.0037
  74 0.735 5043 -30.0329
  75 0.745 6438 -30.0245
  76 0.755 5329 -30.0402
  77 0.765 3676 -30.036
  78 0.775 3674 -29.9517
  79 0.785 3675 -29.9467
  80 0.795 3564.6 -30.0131
  81 0.805 4207.7 -30.0259
  82 0.815 5076.7 -30.014
  83 0.825 5043 -30.0467
  84 0.835 6724 -30.0521
  85 0.845 5043.2 -29.5991
  86 0.855 5043.2 -29.6068
  87 0.865 6720.4 -29.6958
  88 0.875 5047 -29.576
  89 0.885 5043.2 -29.5823
  90 0.895 6273.4 -29.9811
  91 0.905 4599.7 -30.0227
  92 0.915 3638.7 -30.0184
  93 0.925 3579.1 -30.0025
  94 0.935 3232.1 -29.9668
  95 0.945 3197.5 -30.0075
  96 0.955 6077.5 -30.0165
  97 0.965 5043 -29.9812
  98 0.975 5043 -29.9779
  99 0.985 6724 -29.998
  100 0.995 5043 -29.8865
190 100 437844
  1 0.005 5043 29.9482
  2 0.015 6722 30.0854
  3 0.025 5045 29.9897
  4 0.035 5043 30.0184
  5 0.045 5877.5 30.01
  6 0.055 3241.3 29.9968
  7 0.065 3325.3 30.0429
  8 0.075 3630.9 29.9789
  9 0.085 3630 30.0725
  10 0.095 4431.9 30.0328
  11 0.105 6461.1 29.9809
  12 0.115 5043 29.9912
  13 0.125 5043 30.0015
  14 0.135 6724 30.0111
  15 0.145 5043 29.9848
  16 0.155 5043 30.0287
  17 0.165 6722.2 29.9707
  18 0.175 5044.8 29.9932
  19 0.185 5047.5 29.9813
  20 0.195 4202 29.9136
  21 0.205 3599.5 30.0238
  22 0.215 3675 30.0013
  23 0.225 3674 30.0447
  24 0.235 3676 30.026
  25 0.245 5072.7 29.9634
  26 0.255 6694.3 29.9633
  27 0.265 5043 30.0098
  28 0.275 5043 29.9996
  29 0.285 6724 29.9696
  30 0.295 5043 29.9748
  31 0.305 5043 30.0168
  32 0.315 6715.9 30.0359
  33 0.325 5051.1 30.0029
  34 0.335 4732.1 29.7877
  35 0.345 3624.7 29.4274
  36 0.355 3703.7 29.822
  37 0.365 3687.7 30.1008
  38 0.375 3444.4 30.0489
  39 0.385 4921.5 30.0017
  40 0.395 5382.7 30.0007
  41 0.405 5667.5 29.9526
  42 0.415 5262.7 29.9937
  43 0.425 5888 30.0422
  44 0.435 6672.8 30.1053
  45 0.445 546.2 30.2869
  46 0.455 3 27.5975
  47 0.465 0 0
  48 0.475 0 0
  49 0.485 0 0
  50 0.495 0.3 -4847.28
  51 0.505 0.5 -4847.28
  52 0.515 0.2 -4847.28
  53 0.525 0 0
  54 0.535 0.4 -387.504
  55 0.545 2.6 -271.664
  56 0.555 415.5 -30.1742
  57 0.565 6608.3 -30.0935
  58 0.575 5751.8 -29.9475
  59 0.585 5518.9 -29.9587
  60 0.595 5619 -29.9967
  61 0.605 5412.6 -29.8872
  62 0.615 4952.8 -29.8973
  63 0.625 3518.1 -29.9758
  64 0.635 3657.6 -29.9316
  65 0.645 3665.5 -29.9028
  66 0.655 3616 -29.9863
  67 0.665 4729.9 -29.9985
  68 0.675 5043.7 -30.0014
  69 0.685 6723.3 -30.0334
  70 0.695 5043 -29.9591
  71 0.705 5043 -30.0379
  72 0.715 6721.7 -30.0302
  73 0.725 5045.3 -30.0037
  74 0.735 5043 -30.0331
  75 0.745 6588.6 -30.0243
  76 0.755 5178.4 -30.0411
  77 0.765 3676 -30.0362
  78 0.775 3674 -29.9507
  79 0.785 3675 -29.9451
  80 0.795 3578.8 -30.0328
  81 0.805 4206.7 -30.0147
  82 0.815 5063.5 -30.0154
  83 0.825 5043 -30.0431
  84 0.835 6724 -30.0533
  85 0.845 5043 -30.0034
  86 0.855 5043 -30.0193
  87 0.865 6722.7 -30.004
  88 0.875 5044.3 -29.9855
  89 0.885 5043.1 -29.788
  90 0.895 6309.7 -29.6518
  91 0.905 4569.4 -29.5759
  92 0.915 3637.3 -29.4506
  93 0.925 3592.8 -29.136
  94 0.935 3246.9 -29.9705
  95 0.945 3188.3 -30.0016
  96 0.955 6054.5 -30.0207
  97 0.965 5043 -29.9805
  98 0.975 5043 -29.9769
  99 0.985 6724 -29.9981
  100 0.995 5043 -29.889
200 100 437844
  1 0.005 5043 29.9512
  2 0.015 6720.2 30.0861
  3 0.025 5046.8 29.9902
  4 0.035 5043 30.0167
  5 0.045 5847.2 30.0123
  6 0.055 3243.1 29.9833
  7 0.065 3347.3 30.0557
  8 0.075 3636.6 29.9787
  9 0.085 3629.6 30.074
  10 0.095 4409.6 30.0302
  11 0.105 6484.6 29.9822
  12 0.115 5043 29.9894
  13 0.125 5043 30.003
  14 0.135 6724 30.0088
  15 0.145 5043 29.9855
  16 0.155 5043 30.0293
  17 0.165 6718.4 29.9708
  18 0.175 5048.6 29.9941
  19 0.185 5045.5 29.9808
  20 0.195 4195.7 29.9096
  21 0.205 3607.8 30.0308
  22 0.215 3675 29.995
  23 0.225 3674 30.0468
  24 0.235 3676 30.0335
  25 0.245 5050.9 29.9608
  26 0.255 6716.1 29.9625
  27 0.265 5043 30.0102
  28 0.275 5043 29.9995
  29 0.285 6724 29.9708
  30 0.295 5043 29.9722
  31 0.305 5043 30.0197
  32 0.315 6691.4 29.903
  33 0.325 5076.3 29.5722
  34 0.335 4730.3 29.7912
  35 0.345 3622.4 30.0359
  36 0.355 3700.9 30.0571
  37 0.365 3683.4 30.1041
  38 0.375 3417.6 30.0479
  39 0.385 4930.1 30.0035
  40 0.395 5317.4 29.9956
  41 0.405 5718.5 29.9574
  42 0.415 5232.3 29.989
  43 0.425 5861.4 30.0209
  44 0.435 6751.6 30.125
  45 0.445 567.4 30.3608
  46 0.455 3 27.9614
  47 0.465 0 0
  48 0.475 0.3 -4847.28
  49 0.485 0.5 -4847.28
  50 0.495 0.2 -4847.28
  51 0.505 0 0
  52 0.515 0 0
  53 0.525 0 0
  54 0.535 1 -387.504
  55 0.545 2 -236.912
  56 0.555 437.3 -30.0657
  57 0.565 6674 -30.0827
  58 0.575 5722.5 -29.9673
  59 0.585 5514.5 -29.9583
  60 0.595 5604.6 -30.0032
  61 0.605 5414.6 -29.943
  62 0.615 4935.4 -29.8374
  63 0.625 3506.8 -29.9779
  64 0.635 3663.6 -29.9295
  65 0.645 3658.3 -29.896
  66 0.655 3606.6 -29.9917
  67 0.665 4727.8 -29.9972
  68 0.675 5052.4 -30.0033
  69 0.685 6714.6 -30.0316
  70 0.695 5043 -29.9624
  71 0.705 5043 -30.0343
  72 0.715 6723.8 -30.0317
  73 0.725 5043.2 -30.0032
  74 0.735 5043 -30.0329
  75 0.745 6665.9 -30.0276
  76 0.755 5101.1 -30.0376
  77 0.765 3676 -30.0356
  78 0.775 3674 -29.9498
  79 0.785 3675 -29.9434
  80 0.795 3590 -30.0401
  81 0.805 4206.9 -30.0158
  82 0.815 5052.1 -30.0149
  83 0.825 5043.5 -30.0395
  84 0.835 6723.5 -30.0545
  85 0.845 5043 -30.0021
  86 0.855 5043 -30.021
  87 0.865 6723 -30.004
  88 0.875 5044 -29.9846
  89 0.885 5043 -29.993
  90 0.895 6351.4 -29.982
  91 0.905 4528.6 -30.0274
  92 0.915 3638.8 -30.0193
  93 0.925 3610.2 -29.9996
  94 0.935 3260.6 -29.3212
  95 0.945 3174.3 -29.3543
  96 0.955 6034.8 -29.5154
  97 0.965 5043.2 -29.5724
  98 0.975 5044.1 -29.7726
  99 0.985 6723 -29.9978
  100 0.995 5043 -29.8921
210 100 437844
  1 0.005 5043.2 30.3898
  2 0.015 6719.3 30.4131
  3 0.025 5047.9 29.991
  4 0.035 5043 30.0147
  5 0.045 5822.6 30.0142
  6 0.055 3242.5 29.972
  7 0.065 3360 30.0627
  8 0.075 3646.8 29.9809
  9 0.085 3630.5 30.0763
  10 0.095 4381.1 30.0275
  11 0.105 6514.5 29.9839
  12 0.115 5043 29.9876
  13 0.125 5043 30.0046
  14 0.135 6724 30.0065
  15 0.145 5043 29.9859
  16 0.155 5043 30.0297
  17 0.165 6712.6 29.9708
  18 0.175 5054.4 29.9953
  19 0.185 5043.9 29.9796
  20 0.195 4192.3 29.9072
  21 0.205 3612.8 30.0366
  22 0.215 3675 29.9893
  23 0.225 3674 30.0486
  24 0.235 3676 30.04
  25 0.245 5045.7 29.9568
  26 0.255 6721.3 29.9631
  27 0.265 5043 30.0104
  28 0.275 5043 29.9993
  29 0.285 6722.9 29.9721
  30 0.295 5044.2 29.8836
  31 0.305 5043.6 29.5058
  32 0.315 6610 29.8327
  33 0.325 5157.3 30.0039
  34 0.335 4729.2 30.0691
  35 0.345 3617 30.0374
  36 0.355 3704.2 30.0565
  37 0.365 3669.9 30.1068
  38 0.375 3399 30.045
  39 0.385 4928.7 30.0036
  40 0.395 5282.3 29.9949
  41 0.405 5747.8 29.9579
  42 0.415 5209.6 29.9914
  43 0.425 5829.9 30.0241
  44 0.435 6820.1 30.1372
  45 0.445 595.3 30.1827
  46 0.455 3.4 -545.241
  47 0.465 0.4 -4847.28
  48 0.475 0.2 -4847.28
  49 0.485 0 0
  50 0.495 0 0
  51 0.505 0 0
  52 0.515 0 0
  53 0.525 0 0
  54 0.535 1 -387.504
  55 0.545 2 -236.912
  56 0.555 457.2 -30.1546
  57 0.565 6737.6 -30.0431
  58 0.575 5694.8 -30.0052
  59 0.585 5516.4 -29.962
  60 0.595 5585.1 -29.9977
  61 0.605 5419 -29.9461
  62 0.615 4924.1 -29.8306
  63 0.625 3489 -29.9728
  64 0.635 3660 -29.9273
  65 0.645 3657.2 -29.895
  66 0.655 3601.6 -29.9922
  67 0.665 4724 -29.9969
  68 0.675 5092.6 -30.0036
  69 0.685 6674.4 -30.0309
  70 0.695 5043 -29.9658
  71 0.705 5043 -30.0308
  72 0.715 6724 -30.0328
  73 0.725 5043 -30.0034
  74 0.735 5043 -30.0322
  75 0.745 6705.6 -30.0292
  76 0.755 5061.4 -30.0365
  77 0.765 3676 -30.0341
  78 0.775 3674 -29.9488
  79 0.785 3675 -29.9417
  80 0.795 3602.7 -30.0497
  81 0.805 4199.7 -30.0135
  82 0.815 5046.6 -30.0152
  83 0.825 5044 -30.0356
  84 0.835 6723 -30.0557
  85 0.845 5043 -30.0012
  86 0.855 5043 -30.0227
  87 0.865 6723 -30.0039
  88 0.875 5044 -29.9836
  89 0.885 5043 -29.9928
  90 0.895 6392.8 -29.9859
  91 0.905 4488.3 -30.0238
  92 0.915 3640.4 -30.0204
  93 0.925 3618.5 -29.9962
  94 0.935 3275.9 -29.9574
  95 0.945 3169.1 -29.9997
  96 0.955 6013 -30.0281
  97 0.965 5043 -29.9793
  98 0.975 5044.4 -29.7851
  99 0.985 6722.9 -29.6913
  100 0.995 5043.3 -29.2395
220 100 437844
  1 0.005 5043 29.9584
  2 0.015 6719 30.0955
  3 0.025 5048.2 30.4207
  4 0.035 5043.2 30.4429
  5 0.045 5800.2 30.3904
  6 0.055 3241.6 30.6345
  7 0.065 3376.6 30.7133
  8 0.075 3652.2 29.9795
  9 0.085 3632 30.0784
  10 0.095 4348.5 30.0272
  11 0.105 6547.5 29.9836
  12 0.115 5043 29.986
  13 0.125 5043 30.0064
  14 0.135 6724 30.0042
  15 0.145 5043 29.9862
  16 0.155 5043 30.0298
  17 0.165 6697.7 29.9698
  18 0.175 5069.3 29.9982
  19 0.185 5043 29.9798
  20 0.195 4188.2 29.9036
  21 0.205 3617.8 30.0415
  22 0.215 3675 29.9842
  23 0.225 3674 30.0503
  24 0.235 3676 30.0456
  25 0.245 5043.3 29.9542
  26 0.255 6723.7 29.9632
  27 0.265 5043 30.0103
  28 0.275 5043 29.999
  29 0.285 6719.8 29.5813
  30 0.295 5048.2 29.6227
  31 0.305 5043 30.0255
  32 0.315 6431.7 30.0293
  33 0.325 5335.3 30.0018
  34 0.335 4727.6 30.0708
  35 0.345 3615.4 30.04
  36 0.355 3702.7 30.054
  37 0.365 3655.8 30.1144
  38 0.375 3385.3 30.0315
  39 0.385 4922.8 30.0067
  40 0.395 5240.4 29.9938
  41 0.405 5779.3 29.9574
  42 0.415 5209.3 29.9934
  43 0.425 5789 30.0219
  44 0.435 6885.5 29.8522
  45 0.445 620.1 26.2054
  46 0.455 3.8 -99.7309
  47 0.465 0 0
  48 0.475 0 0
  49 0.485 0 0
  50 0.495 0 0
  51 0.505 0 0
  52 0.515 0 0
  53 0.525 0 0
  54 0.535 1 -387.504
  55 0.545 2 -236.912
  56 0.555 480.9 -30.1082
  57 0.565 6802.4 -30.0796
  58 0.575 5666.2 -29.9999
  59 0.585 5539.5 -29.9626
  60 0.595 5548.9 -29.9818
  61 0.605 5408.3 -29.9453
  62 0.615 4919.7 -29.8204
  63 0.625 3464.9 -29.9586
  64 0.635 3663.3 -29.9267
  65 0.645 3652.8 -29.888
  66 0.655 3597.6 -29.9975
  67 0.665 4721.5 -29.996
  68 0.675 5197.4 -29.9997
  69 0.685 6569.6 -30.0337
  70 0.695 5043 -29.9691
  71 0.705 5043.9 -30.0271
  72 0.715 6723.1 -30.0341
  73 0.725 5043 -30.0042
  74 0.735 5043 -30.031
  75 0.745 6719.8 -30.0289
  76 0.755 5047.2 -30.0382
  77 0.765 3676 -30.0319
  78 0.775 3674 -29.9479
  79 0.785 3675 -29.9401
  80 0.795 3608.8 -30.0559
  81 0.805 4194.6 -30.0128
  82 0.815 5045.6 -30.0162
  83 0.825 5045.7 -30.0312
  84 0.835 6721.3 -30.0573
  85 0.845 5043 -30.0005
  86 0.855 5043 -30.0242
  87 0.865 6723 -30.0037
  88 0.875 5044 -29.9826
  89 0.885 5043 -29.9927
  90 0.895 6432.5 -29.9881
  91 0.905 4451.3 -30.0222
  92 0.915 3639.7 -30.023
  93 0.925 3629.3 -29.9983
  94 0.935 3286.3 -29.9487
  95 0.945 3162.1 -30.0029
  96 0.955 5996.8 -30.0308
  97 0.965 5043 -29.9788
  98 0.975 5045 -30.0167
  99 0.985 6722 -29.997
  100 0.995 5043 -29.9001
230 100 437843
  1 0.005 5043.7 -68967.3
  2 0.015 6716 30.0889
  3 0.025 5051 30.0015
  4 0.035 5043 30.0102
  5 0.045 5771.3 30.0173
  6 0.055 3251.8 29.9672
  7 0.065 3389 30.3636
  8 0.075 3656.8 4696.67
  9 0.085 3632.5 30.0797
  10 0.095 4323 30.0247
  11 0.105 6573 29.9844
  12 0.115 5043 29.9845
  13 0.125 5043 30.0082
  14 0.135 6723.5 30.0017
  15 0.145 5043.5 29.9865
  16 0.155 5043 30.0297
  17 0.165 6658.8 29.9709
  18 0.175 5108.2 29.9987
  19 0.185 5043 29.98
  20 0.195 4185.6 29.9014
  21 0.205 3620.4 30.0447
  22 0.215 3675 29.9797
  23 0.225 3674 30.0517
  24 0.235 3676 30.0502
  25 0.245 5043 29.9521
  26 0.255 6723.8 29.9632
  27 0.265 5043.7 29.5342
  28 0.275 5043.5 29.5175
  29 0.285 6693.7 29.9972
  30 0.295 5073.3 29.9661
  31 0.305 5043 30.0281
  32 0.315 6111.6 30.0252
  33 0.325 5655.4 30.005
  34 0.335 4726.7 30.0713
  35 0.345 3613.6 30.0414
  36 0.355 3700.3 30.0541
  37 0.365 3637.2 30.1174
  38 0.375 3373.3 30.0168
  39 0.385 4926 30.0116
  40 0.395 5217.5 29.9952
  41 0.405 5791.4 29.9601
  42 0.415 5205.8 29.5983
  43 0.425 5751.5 29.5966
  44 0.435 6949.3 30.057
  45 0.445 640.4 30.0766
  46 0.455 4 28.7584
  47 0.465 0 0
  48 0.475 0 0
  49 0.485 0 0
  50 0.495 0 0
  51 0.505 0 0
  52 0.515 0 0
  53 0.525 0 0
  54 0.535 1 -387.504
  55 0.545 2 -236.912
  56 0.555 512.2 -30.1249
  57 0.565 6862.5 -30.1042
  58 0.575 5643.8 -30.0073
  59 0.585 5564.8 -29.9548
  60 0.595 5506.1 -29.9634
  61 0.605 5392 -29.9768
  62 0.615 4923.4 -29.8078
  63 0.625 3433 -29.9101
  64 0.635 3666.3 -29.9291
  65 0.645 3653.7 -29.8763
  66 0.655 3587.4 -30.005
  67 0.665 4720.8 -29.9946
  68 0.675 5425.6 -30.001
  69 0.685 6341.4 -30.0329
  70 0.695 5043 -29.9724
  71 0.705 5049.5 -30.0226
  72 0.715 6717.5 -30.036
  73 0.725 5043 -30.0052
  74 0.735 5043 -30.0294
  75 0.745 6722.5 -30.029
  76 0.755 5044.6 -30.0408
  77 0.765 3675.9 -30.0275
  78 0.775 3674 -29.947
  79 0.785 3675 -29.9384
  80 0.795 3614.8 -30.0614
  81 0.805 4189.9 -30.0122
  82 0.815 5044.3 -30.0171
  83 0.825 5053.2 -30.0259
  84 0.835 6713.8 -30.0596
  85 0.845 5043 -30.0002
  86 0.855 5043 -30.0258
  87 0.865 6723.9 -30.004
  88 0.875 5043.1 -29.981
  89 0.885 5043 -29.9927
  90 0.895 6468.6 -29.9868
  91 0.905 4415.9 -30.0256
  92 0.915 3641.3 -30.0254
  93 0.925 3633 -30
  94 0.935 3298.9 -29.9385
  95 0.945 3167.5 -30.0077
  96 0.955 5972.8 -30.0335
  97 0.965 5043 -29.9785
  98 0.975 5045.7 -30.0161
  99 0.985 6721.3 -29.9966
  100 0.995 5043 -29.9048
240 100 437842
  1 0.005 5043 29.9668
  2 0.015 6713.3 30.0878
  3 0.025 5053.7 30.0051
  4 0.035 5043 30.0077
  5 0.045 5746 30.022
  6 0.055 3258 29.9558
  7 0.065 3403.1 30.0431
  8 0.075 3660.9 29.9891
  9 0.085 3632.8 30.0806
  10 0.095 4298.6 30.0223
  11 0.105 6596.9 29.9849
  12 0.115 5043.7 29.9834
  13 0.125 5043 30.0101
  14 0.135 6721.2 29.9995
  15 0.145 5045.8 29.9864
  16 0.155 5043 30.0292
  17 0.165 6564.1 29.974
  18 0.175 5202.9 29.9965
  19 0.185 5043 29.9803
  20 0.195 4183.2 29.8996
  21 0.205 3622.8 30.0469
  22 0.215 3675 29.9759
  23 0.225 3674 30.0529
  24 0.235 3676.1 29.9234
  25 0.245 5043.5 29.4753
  26 0.255 6721.3 29.6783
  27 0.265 5046.1 30.009
  28 0.275 5043 29.9927
  29 0.285 6601 29.9973
  30 0.295 5166 29.9669
  31 0.305 5043 30.0304
  32 0.315 5714.6 30.0259
  33 0.325 6052.4 30.0032
  34 0.335 4725 30.0702
  35 0.345 3608.9 30.0433
  36 0.355 3701.4 30.0535
  37 0.365 3606.5 30.1171
  38 0.375 3373.8 30.0166
  39 0.385 4929.8 30.008
  40 0.395 5197.5 29.5181
  41 0.405 5795 29.5163
  42 0.415 5219.4 29.9995
  43 0.425 5710.4 30.0589
  44 0.435 7001.5 30.1013
  45 0.445 663.8 30.0903
  46 0.455 4 28.8284
  47 0.465 0 0
  48 0.475 0 0
  49 0.485 0 0
  50 0.495 0 0
  51 0.505 0 0
  52 0.515 0 0
  53 0.525 0 0
  54 0.535 1 -387.504
  55 0.545 2 -236.912
  56 0.555 536.9 -30.0918
  57 0.565 6926.7 -30.1628
  58 0.575 5631.7 -29.9574
  59 0.585 5590.2 -29.9565
  60 0.595 5441.7 -29.962
  61 0.605 5399.5 -30.0128
  62 0.615 4915.8 -29.9231
  63 0.625 3401.4 -29.705
  64 0.635 3667.4 -29.9303
  65 0.645 3658.9 -29.8685
  66 0.655 3575.8 -30.0094
  67 0.665 4720 -29.994
  68 0.675 5749.2 -30.0049
  69 0.685 6017.8 -30.0298
  70 0.695 5043 -29.9756
  71 0.705 5085.8 -30.0208
  72 0.715 6681.2 -30.0362
  73 0.725 5043 -30.0065
  74 0.735 5043.3 -30.0274
  75 0.745 6723.4 -30.0297
  76 0.755 5044.3 -30.0496
  77 0.765 3675 -30.0124
  78 0.775 3674 -29.9462
  79 0.785 3675 -29.9368
  80 0.795 3617.1 -30.0649
  81 0.805 4187.9 -30.0126
  82 0.815 5044 -30.0181
  83 0.825 5079.2 -30.022
  84 0.835 6687.8 -30.0609
  85 0.845 5043 -30.0001
  86 0.855 5043 -30.0272
  87 0.865 6724 -30.0038
  88 0.875 5043 -29.9799
  89 0.885 5043 -29.9927
  90 0.895 6506.1 -29.9868
  91 0.905 4379.2 -30.0269
  92 0.915 3643.7 -30.03
  93 0.925 3639.5 -29.9959
  94 0.935 3316.4 -29.9361
  95 0.945 3171.3 -30.0065
  96 0.955 5941.8 -30.0372
  97 0.965 5043 -29.9783
  98 0.975 5046 -30.0156
  99 0.985 6721 -29.9961
  100 0.995 5043 -29.9097
250 100 437842
  1 0.005 5043 29.9713
  2 0.015 6711.7 30.0872
  3 0.025 5055.3 30.0079
  4 0.035 5043 30.005
  5 0.045 5722.5 30.0218
  6 0.055 3264.7 29.9597
  7 0.065 3412.9 30.0381
  8 0.075 3667.9 29.9932
  9 0.085 3632 30.0814
  10 0.095 4279.4 30.0187
  11 0.105 6616.6 29.9862
  12 0.115 5044 29.9823
  13 0.125 5043 30.0119
  14 0.135 6717 29.9976
  15 0.145 5050 29.9857
  16 0.155 5043 30.0284
  17 0.165 6425.8 29.9734
  18 0.175 5341.2 29.9991
  19 0.185 5043 29.9807
  20 0.195 4180.4 29.8982
  21 0.205 3625.6 30.0483
  22 0.215 3675.1 29.8424
  23 0.225 3674.5 29.4016
  24 0.235 3676.4 29.5346
  25 0.245 5043 29.9492
  26 0.255 6705.7 29.9633
  27 0.265 5061.3 30.0084
  28 0.275 5043 29.9923
  29 0.285 6370.5 29.9952
  30 0.295 5396.5 29.9713
  31 0.305 5043 30.0324
  32 0.315 5362.7 30.0261
  33 0.325 6404.3 30.0021
  34 0.335 4725 30.0689
  35 0.345 3606.5 30.045
  36 0.355 3693.8 30.0526
  37 0.365 3581 30.1227
  38 0.375 3369.8 29.296
  39 0.385 4928.1 29.5272
  40 0.395 5205.8 29.9576
  41 0.405 5778.8 29.9689
  42 0.415 5234.1 29.997
  43 0.425 5670.4 30.0675
  44 0.435 7043.2 30.078
  45 0.445 696.1 30.1183
  46 0.455 4.4 28.0619
  47 0.465 0 0
  48 0.475 0 0
  49 0.485 0 0
  50 0.495 0 0
  51 0.505 0 0
  52 0.515 0 0
  53 0.525 0.3 -387.504
  54 0.535 1 -349.969
  55 0.545 1.7 -232.417
  56 0.555 565.9 -30.1366
  57 0.565 6976 -30.1762
  58 0.575 5623.5 -29.9618
  59 0.585 5609.8 -29.9605
  60 0.595 5394.2 -29.9626
  61 0.605 5411.9 -30.0171
  62 0.615 4900.8 -29.9147
  63 0.625 3368.8 -29.7242
  64 0.635 3664.3 -29.927
  65 0.645 3665.4 -29.8611
  66 0.655 3565.4 -30.0161
  67 0.665 4720 -29.9939
  68 0.675 6099.8 -29.9985
  69 0.685 5667.2 -30.037
  70 0.695 5043 -29.9787
  71 0.705 5208.5 -30.0211
  72 0.715 6558.5 -30.0351
  73 0.725 5043 -30.0081
  74 0.735 5044.1 -30.025
  75 0.745 6722.9 -30.0305
  76 0.755 5044 -30.0501
  77 0.765 3675 -30.0083
  78 0.775 3674 -29.9454
  79 0.785 3675 -29.9353
  80 0.795 3620.7 -30.069
  81 0.805 4185.2 -30.0137
  82 0.815 5043.1 -30.0175
  83 0.825 5133.7 -30.0178
  84 0.835 6633.3 -30.0627
  85 0.845 5043 -30.0003
  86 0.855 5043.4 -30.0286
  87 0.865 6723.6 -30.0035
  88 0.875 5043 -29.979
  89 0.885 5043 -29.9927
  90 0.895 6534.8 -29.9856
  91 0.905 4351.3 -30.0295
  92 0.915 3643.9 -30.0322
  93 0.925 3644.1 -29.9943
  94 0.935 3335.4 -29.9323
  95 0.945 3170.4 -30.0096
  96 0.955 5918.1 -30.0392
  97 0.965 5043 -29.9784
  98 0.975 5046 -30.0152
  99 0.985 6721 -29.9956
  100 0.995 5043 -29.9147
260 100 437842
  1 0.005 5043 29.976
  2 0.015 6709.9 30.0871
  3 0.025 5057.1 30.0099
  4 0.035 5043 30.0023
  5 0.045 5697.6 30.025
  6 0.055 3274 29.9595
  7 0.065 3426.1 30.0354
  8 0.075 3670.3 29.9938
  9 0.085 3632 30.0814
  10 0.095 4257.5 30.0157
  11 0.105 6638.5 29.9874
  12 0.115 5044 29.9812
  13 0.125 5043 30.0137
  14 0.135 6704.5 29.9938
  15 0.145 5062.5 29.9877
  16 0.155 5043 30.0273
  17 0.165 6216.4 29.9701
  18 0.175 5550.6 30.0044
  19 0.185 5043 29.9811
  20 0.195 4179.9 29.7816
  21 0.205 3626.7 29.3819
  22 0.215 3675.4 29.4524
  23 0.225 3674 30.0552
  24 0.235 3676 30.0581
  25 0.245 5043 29.9483
  26 0.255 6646.7 29.9641
  27 0.265 5120.3 30.0061
  28 0.275 5043 29.9918
  29 0.285 5992.7 29.9822
  30 0.295 5774.3 29.9873
  31 0.305 5043 30.0341
  32 0.315 5161 30.0289
  33 0.325 6605.6 29.9987
  34 0.335 4725.4 30.067
  35 0.345 3599.3 30.0484
  36 0.355 3687.7 29.4038
  37 0.365 3556.8 29.4454
  38 0.375 3369 30.0085
  39 0.385 4918.7 30.0088
  40 0.395 5215.6 29.9563
  41 0.405 5753.3 29.9694
  42 0.415 5265.7 29.996
  43 0.425 5604.6 30.0616
  44 0.435 7119.3 30.0762
  45 0.445 716.3 30.0418
  46 0.455 5.7 27.6005
  47 0.465 0 0
  48 0.475 0 0
  49 0.485 0 0
  50 0.495 0 0
  51 0.505 0 0
  52 0.515 0 0
  53 0.525 1 -387.504
  54 0.535 1 -262.387
  55 0.545 1 -211.438
  56 0.555 592.8 -30.0661
  57 0.565 7024.1 -30.2269
  58 0.575 5615.3 -29.9504
  59 0.585 5617.3 -29.9585
  60 0.595 5358.9 -29.964
  61 0.605 5435.9 -30.0217
  62 0.615 4893.1 -29.9092
  63 0.625 3325 -29.7677
  64 0.635 3654.5 -29.9284
  65 0.645 3668.2 -29.8532
  66 0.655 3562.5 -30.0202
  67 0.665 4718.4 -29.9935
  68 0.675 6396.4 -29.9986
  69 0.685 5370.6 -30.0375
  70 0.695 5043 -29.9817
  71 0.705 5465 -30.0205
  72 0.715 6302 -30.0351
  73 0.725 5043 -30.0099
  74 0.735 5053.7 -30.0224
  75 0.745 6713.3 -30.0311
  76 0.755 5044 -30.0514
  77 0.765 3675 -30.0037
  78 0.775 3674 -29.9446
  79 0.785 3675 -29.9339
  80 0.795 3623.5 -30.0736
  81 0.805 4182.5 -30.0126
  82 0.815 5043 -30.018
  83 0.825 5222.2 -30.0152
  84 0.835 6544.8 -30.0635
  85 0.845 5043 -30.0007
  86 0.855 5045.6 -30.0298
  87 0.865 6721.4 -30.0031
  88 0.875 5043 -29.9782
  89 0.885 5043 -29.9929
  90 0.895 6563.6 -29.9859
  91 0.905 4324.4 -30.0307
  92 0.915 3642 -30.0323
  93 0.925 3650.3 -29.9914
  94 0.935 3349.1 -29.9312
  95 0.945 3173.4 -30.0115
  96 0.955 5895.2 -30.0412
  97 0.965 5043 -29.9787
  98 0.975 5046 -30.0149
  99 0.985 6721 -29.995
  100 0.995 5043 -29.9198
270 100 437842
  1 0.005 5043 29.9807
  2 0.015 6706.2 30.0866
  3 0.025 5060.8 30.0124
  4 0.035 5043 29.9996
  5 0.045 5671.7 30.0269
  6 0.055 3284.3 29.9618
  7 0.065 3439.4 30.0321
  8 0.075 3672.4 29.9948
  9 0.085 3631.4 30.0806
  10 0.095 4242.8 30.013
  11 0.105 6653.5 29.9887
  12 0.115 5044.5 29.9802
  13 0.125 5043 30.0154
  14 0.135 6675.3 29.9919
  15 0.145 5091.7 29.987
  16 0.155 5043 30.0259
  17 0.165 5987.4 29.9721
  18 0.175 5779.6 30.0037
  19 0.185 5043.5 29.6213
  20 0.195 4179.3 29.2776
  21 0.205 3627.2 30.0483
  22 0.215 3675 29.9752
  23 0.225 3674 30.0561
  24 0.235 3676 30.0591
  25 0.245 5043 29.9478
  26 0.255 6511.1 29.9651
  27 0.265 5255.9 30.0029
  28 0.275 5043 29.9914
  29 0.285 5592.1 29.9787
  30 0.295 6174.9 29.9914
  31 0.305 5043 30.0353
  32 0.315 5077.8 30.0316
  33 0.325 6687.3 29.9248
  34 0.335 4727.4 29.6581
  35 0.345 3596.2 29.3848
  36 0.355 3671.1 30.0537
  37 0.365 3535.8 30.1154
  38 0.375 3369.1 30.0019
  39 0.385 4919.6 30.0162
  40 0.395 5216.1 29.9545
  41 0.405 5693.4 29.9694
  42 0.415 5334.4 29.9963
  43 0.425 5547.4 30.054
  44 0.435 7183.3 30.0642
  45 0.445 736.7 30.1359
  46 0.455 8.4 28.3681
  47 0.465 0 0
  48 0.475 0 0
  49 0.485 0 0
  50 0.495 0 0
  51 0.505 0 0
  52 0.515 0 0
  53 0.525 1 -387.504
  54 0.535 1 -262.387
  55 0.545 1 -211.438
  56 0.555 617.4 -30.057
  57 0.565 7091.1 -30.2632
  58 0.575 5578.1 -29.9248
  59 0.585 5608.5 -29.9592
  60 0.595 5368.7 -29.9644
  61 0.605 5444.2 -30.024
  62 0.615 4881.4 -29.9044
  63 0.625 3300.5 -29.7762
  64 0.635 3628.8 -29.9238
  65 0.645 3671.7 -29.8455
  66 0.655 3558.2 -30.0247
  67 0.665 4718.9 -29.9931
  68 0.675 6582.1 -29.9959
  69 0.685 5183.4 -30.0409
  70 0.695 5043 -29.9844
  71 0.705 5839.9 -30.0177
  72 0.715 5927.1 -30.0378
  73 0.725 5043 -30.0121
  74 0.735 5087.2 -30.0204
  75 0.745 6679.8 -30.0309
  76 0.755 5044 -30.0532
  77 0.765 3675 -29.9986
  78 0.775 3674 -29.9438
  79 0.785 3675 -29.9325
  80 0.795 3625 -30.0777
  81 0.805 4181 -30.0113
  82 0.815 5043 -30.0184
  83 0.825 5381.3 -30.0143
  84 0.835 6385.7 -30.0637
  85 0.845 5043 -30.0013
  86 0.855 5048.9 -30.0316
  87 0.865 6718.1 -30.0022
  88 0.875 5043 -29.9776
  89 0.885 5043 -29.993
  90 0.895 6601.6 -29.9844
  91 0.905 4287.6 -30.0349
  92 0.915 3640.8 -30.0316
  93 0.925 3653.9 -29.9926
  94 0.935 3366.7 -29.9191
  95 0.945 3183.5 -30.0245
  96 0.955 5863.9 -30.041
  97 0.965 5043 -29.9792
  98 0.975 5046 -30.0147
  99 0.985 6721 -29.9942
  100 0.995 5043 -29.9248
280 100 437842
  1 0.005 5043 29.9854
  2 0.015 6705.5 30.0869
  3 0.025 5061.5 30.0134
  4 0.035 5043 29.9969
  5 0.045 5642.5 30.0289
  6 0.055 3294.5 29.9594
  7 0.065 3457.4 30.0337
  8 0.075 3672.6 29.9955
  9 0.085 3632 30.0796
  10 0.095 4225.9 30.0068
  11 0.105 6669.6 29.992
  12 0.115 5045.5 29.9795
  13 0.125 5043 30.0169
  14 0.135 6623.8 29.9913
  15 0.145 5143.2 29.9847
  16 0.155 5043 30.0242
  17 0.165 5738.8 29.7709
  18 0.175 6029.1 29.6311
  19 0.185 5043.2 29.8976
  20 0.195 4177.9 29.7713
  21 0.205 3628 30.0468
  22 0.215 3675 29.9741
  23 0.225 3673.1 30.0559
  24 0.235 3676.9 30.0604
  25 0.245 5043 29.9476
  26 0.255 6269.1 29.966
  27 0.265 5497.9 29.9993
  28 0.275 5043 29.991
  29 0.285 5288.4 29.9778
  30 0.295 6478.6 29.993
  31 0.305 5043 30.0361
  32 0.315 5051.4 29.6057
  33 0.325 6709 29.6324
  34 0.335 4731.6 30.0636
  35 0.345 3590.2 30.0533
  36 0.355 3653.2 30.0499
  37 0.365 3516.8 30.1112
  38 0.375 3373.9 30.0078
  39 0.385 4919.4 30.0186
  40 0.395 5223.2 29.9525
  41 0.405 5592.7 29.9684
  42 0.415 5440 29.9983
  43 0.425 5504 30.0428
  44 0.435 7226.3 30.0589
  45 0.445 761.7 30.2631
  46 0.455 10.6 28.5162
  47 0.465 0 0
  48 0.475 0 0
  49 0.485 0 0
  50 0.495 0 0
  51 0.505 0 0
  52 0.515 0 0
  53 0.525 1 -387.504
  54 0.535 1.2 -253.895
  55 0.545 0.8 -211.438
  56 0.555 646.2 -30.0052
  57 0.565 7146.7 -30.2982
  58 0.575 5557.3 -29.9115
  59 0.585 5592.4 -29.9551
  60 0.595 5380.6 -29.9646
  61 0.605 5479.1 -30.0294
  62 0.615 4829.9 -29.9031
  63 0.625 3292.8 -29.7673
  64 0.635 3596.1 -29.9227
  65 0.645 3672.4 -29.8431
  66 0.655 3555.5 -30.0253
  67 0.665 4721.6 -29.9938
  68 0.675 6678.1 -29.9966
  69 0.685 5084.3 -30.0388
  70 0.695 5043 -29.9869
  71 0.705 6243.2 -30.0138
  72 0.715 5523.8 -30.0427
  73 0.725 5043 -30.0144
  74 0.735 5192 -30.0162
  75 0.745 6575 -30.0324
  76 0.755 5044 -30.0552
  77 0.765 3675 -29.9931
  78 0.775 3674 -29.9431
  79 0.785 3675 -29.9313
  80 0.795 3626.1 -30.0814
  81 0.805 4179.9 -30.01
  82 0.815 5043 -30.0187
  83 0.825 5603.1 -30.0134
  84 0.835 6163.9 -30.0646
  85 0.845 5043 -30.0021
  86 0.855 5053.9 -30.0332
  87 0.865 6713.1 -30.0012
  88 0.875 5043 -29.9772
  89 0.885 5043 -29.9933
  90 0.895 6629.8 -29.9838
  91 0.905 4260.2 -30.0369
  92 0.915 3640 -30.0313
  93 0.925 3656.2 -29.992
  94 0.935 3390.2 -29.9129
  95 0.945 3182.2 -30.0291
  96 0.955 5839.4 -30.0428
  97 0.965 5043 -29.9799
  98 0.975 5046 -30.0146
  99 0.985 6721 -29.9934
  100 0.995 5043 -29.9296
290 100 437842
  1 0.005 5043 29.9901
  2 0.015 6700.6 30.0865
  3 0.025 5066.4 30.0151
  4 0.035 5043 29.9943
  5 0.045 5618.6 30.0273
  6 0.055 3297.8 29.9613
  7 0.065 3476.6 30.0359
  8 0.075 3674 29.9976
  9 0.085 3631.7 30.0775
  10 0.095 4216.5 30.0068
  11 0.105 6676.9 29.9911
  12 0.115 5047.9 29.9794
  13 0.125 5043 30.0183
  14 0.135 6559.9 29.9922
  15 0.145 5207.2 29.9013
  16 0.155 5043.6 29.5286
  17 0.165 5492.6 29.7727
  18 0.175 6274.7 30.0075
  19 0.185 5043.7 29.925
  20 0.195 4176.2 29.9102
  21 0.205 3629.1 30.0453
  22 0.215 3675 29.9737
  23 0.225 3673 30.0567
  24 0.235 3677 30.06
  25 0.245 5043 29.9477
  26 0.255 5945.9 29.9652
  27 0.265 5821.1 29.9973
  28 0.275 5043 29.9907
  29 0.285 5127.7 29.9816
  30 0.295 6639.7 29.7387
  31 0.305 5043.6 29.5389
  32 0.315 5044.1 30.0307
  33 0.325 6700.7 29.9583
  34 0.335 4746.2 30.0605
  35 0.345 3583.1 30.0567
  36 0.355 3636 30.0417
  37 0.365 3484.3 30.13
  38 0.375 3388.5 29.9958
  39 0.385 4914.4 30.0181
  40 0.395 5241.8 29.9487
  41 0.405 5508.4 29.9667
  42 0.415 5527.2 30.0019
  43 0.425 5460 30.0285
  44 0.435 7263.5 30.0741
  45 0.445 793.1 30.2214
  46 0.455 11.7 28.6979
  47 0.465 0 0
  48 0.475 0 0
  49 0.485 0 0
  50 0.495 0 0
  51 0.505 0 0
  52 0.515 0 0
  53 0.525 1 -387.504
  54 0.535 2 -236.912
  55 0.545 0 0
  56 0.555 673.6 -29.9155
  57 0.565 7185.9 -30.2877
  58 0.575 5542.2 -29.9268
  59 0.585 5581 -29.9398
  60 0.595 5394 -29.9766
  61 0.605 5527.4 -30.0244
  62 0.615 4784.9 -29.8986
  63 0.625 3304.5 -29.7809
  64 0.635 3530.2 -29.917
  65 0.645 3670.4 -29.8384
  66 0.655 3555.1 -30.0261
  67 0.665 4729.4 -29.9956
  68 0.675 6700.3 -29.9966
  69 0.685 5054.1 -30.0368
  70 0.695 5043 -29.9892
  71 0.705 6523.3 -30.0154
  72 0.715 5243.7 -30.0414
  73 0.725 5043 -30.017
  74 0.735 5386.2 -30.0096
  75 0.745 6380.8 -30.0362
  76 0.755 5044 -30.0573
  77 0.765 3675 -29.9873
  78 0.775 3674 -29.9425
  79 0.785 3675 -29.9302
  80 0.795 3627.7 -30.0846
  81 0.805 4178.3 -30.0087
  82 0.815 5043 -30.0188
  83 0.825 5852 -30.0124
  84 0.835 5915 -30.066
  85 0.845 5043 -30.0029
  86 0.855 5064.5 -30.0341
  87 0.865 6702.5 -30.0007
  88 0.875 5043 -29.977
  89 0.885 5043 -29.9935
  90 0.895 6646.3 -29.9828
  91 0.905 4243.7 -30.0382
  92 0.915 3640 -30.0318
  93 0.925 3661.3 -29.9946
  94 0.935 3408.6 -29.906
  95 0.945 3190.5 -30.0434
  96 0.955 5807.6 -30.0375
  97 0.965 5043 -29.981
  98 0.975 5046 -30.0146
  99 0.985 6721 -29.9924
  100 0.995 5043 -29.9342
300 100 437842
  1 0.005 5043 29.9947
  2 0.015 6695.9 30.0844
  3 0.025 5071.1 30.0187
  4 0.035 5043 29.9917
  5 0.045 5592.8 30.0282
  6 0.055 3306.5 29.9657
  7 0.065 3493.7 30.0337
  8 0.075 3674 29.9982
  9 0.085 3631 30.0744
  10 0.095 4206.8 30.0041
  11 0.105 6684.8 29.9929
  12 0.115 5050.4 29.9787
  13 0.125 5043 30.0194
  14 0.135 6427.8 29.6669
  15 0.145 5340.2 29.5894
  16 0.155 5043 30.02
  17 0.165 5319.9 30.0084
  18 0.175 6447 29.9989
  19 0.185 5043.1 29.8953
  20 0.195 4176 29.9682
  21 0.205 3630 30.0421
  22 0.215 3675 29.9738
  23 0.225 3673 30.0575
  24 0.235 3677 30.0589
  25 0.245 5043 29.9481
  26 0.255 5589.2 29.9745
  27 0.265 6177.8 29.9859
  28 0.275 5043.2 29.8301
  29 0.285 5068.1 29.509
  30 0.295 6699.7 29.8608
  31 0.305 5043 30.0324
  32 0.315 5043 30.031
  33 0.325 6657.7 29.9561
  34 0.335 4790.2 30.0575
  35 0.345 3576 30.0586
  36 0.355 3610.9 30.0437
  37 0.365 3449.6 30.126
  38 0.375 3410.6 30.0016
  39 0.385 4896.5 30.0159
  40 0.395 5284.3 29.9455
  41 0.405 5440.2 29.9652
  42 0.415 5583.3 30.0052
  43 0.425 5408.1 30.0176
  44 0.435 7315.1 30.0877
  45 0.445 824.5 30.1994
  46 0.455 13 28.8353
  47 0.465 0 0
  48 0.475 0 0
  49 0.485 0 0
  50 0.495 0 0
  51 0.505 0 0
  52 0.515 0 0
  53 0.525 1 -387.504
  54 0.535 2 -236.912
  55 0.545 0 0
  56 0.555 700.2 -30.092
  57 0.565 7228.3 -30.2519
  58 0.575 5523 -29.9384
  59 0.585 5573.6 -29.9353
  60 0.595 5418.4 -29.9892
  61 0.605 5567.2 -30.0169
  62 0.615 4727.8 -29.93
  63 0.625 3348.2 -29.7205
  64 0.635 3449.4 -29.9146
  65 0.645 3659.8 -29.833
  66 0.655 3556.5 -30.0266
  67 0.665 4749.3 -29.9965
  68 0.675 6686.5 -29.9967
  69 0.685 5044.8 -30.0349
  70 0.695 5043 -29.9912
  71 0.705 6669.1 -30.0187
  72 0.715 5097.9 -30.037
  73 0.725 5043 -30.0197
  74 0.735 5714.8 -29.9999
  75 0.745 6052.2 -30.0443
  76 0.755 5044 -30.0595
  77 0.765 3675 -29.9811
  78 0.775 3674 -29.9419
  79 0.785 3675 -29.9292
  80 0.795 3628 -30.087
  81 0.805 4178 -30.0078
  82 0.815 5043 -30.0188
  83 0.825 6107.3 -30.0179
  84 0.835 5659.7 -30.0607
  85 0.845 5043 -30.0038
  86 0.855 5087.5 -30.0378
  87 0.865 6679.5 -29.9978
  88 0.875 5043 -29.9769
  89 0.885 5043 -29.9938
  90 0.895 6668.4 -29.9828
  91 0.905 4223.5 -30.0385
  92 0.915 3638.1 -30.0315
  93 0.925 3664 -29.9975
  94 0.935 3437.6 -29.907
  95 0.945 3189.5 -30.0419
  96 0.955 5776.9 -30.0359
  97 0.965 5043 -29.9822
  98 0.975 5045 -30.0153
  99 0.985 6722 -29.991
  100 0.995 5043 -29.9385
