# Chunk-averaged data for fix temp_bias and group all
# Timestep Number-of-chunks Total-count
# Chunk Coord1 Ncount temp
10 100 440002
  1 0.005 3728.9 305.43
  2 0.015 3445.9 306.286
  3 0.025 6426.1 301.304
  4 0.035 5052.9 299.917
  5 0.045 6724 301.426
  6 0.055 5043 295.916
  7 0.065 6715.5 297.349
  8 0.075 5051.5 296.909
  9 0.085 6654.1 302.584
  10 0.095 5112.9 302.028
  11 0.105 6225.7 299.936
  12 0.115 4683.8 297.326
  13 0.125 3620.5 300.704
  14 0.135 3675 305.085
  15 0.145 3681 297.27
  16 0.155 3830.3 299.704
  17 0.165 6562.7 306.17
  18 0.175 5043 296.755
  19 0.185 6724 297.389
  20 0.195 5043 297.75
  21 0.205 6724 303.057
  22 0.215 5043 300.765
  23 0.225 6724 301.314
  24 0.235 5043 299.005
  25 0.245 6653.6 299.512
  26 0.255 3745.5 297.663
  27 0.265 3674.9 299.568
  28 0.275 3676 306.383
  29 0.285 3638.4 301.462
  30 0.295 5057.9 303.147
  31 0.305 5832.7 297.238
  32 0.315 5575 304.488
  33 0.325 6192 301.09
  34 0.335 5170.3 296.945
  35 0.345 6596.7 298.999
  36 0.355 5066.1 296.875
  37 0.365 6700.9 301.875
  38 0.375 5053.2 301.33
  39 0.385 6583.6 295.379
  40 0.395 3328.1 296.033
  41 0.405 5204.1 291.052
  42 0.415 5577.1 1097.84
  43 0.425 118.9 943.361
  44 0.435 0 0
  45 0.445 0 0
  46 0.455 0 0
  47 0.465 0 0
  48 0.475 0 0
  49 0.485 0 0
  50 0.495 0 0
  51 0.505 0 0
  52 0.515 0 0
  53 0.525 0 0
  54 0.535 0 0
  55 0.545 0 0
  56 0.555 0 0
  57 0.565 0 0
  58 0.575 111.8 826.979
  59 0.585 5543.9 2226.85
  60 0.595 5244 299.617
  61 0.605 3273.5 295.234
  62 0.615 6586.6 301.462
  63 0.625 5047.2 298.786
  64 0.635 6713.4 298.281
  65 0.645 5053.6 299.87
  66 0.655 6638.5 302.039
  67 0.665 5128.5 295.747
  68 0.675 6318.1 302.945
  69 0.685 5448.9 297.876
  70 0.695 5844.1 295.245
  71 0.705 5047.5 301.65
  72 0.715 3638.4 302.167
  73 0.725 3676 297.869
  74 0.735 3678.3 304.559
  75 0.745 3738 298.327
  76 0.755 6656.7 300.042
  77 0.765 5043 302.359
  78 0.775 6724 297.664
  79 0.785 5043 297.649
  80 0.795 6724 298.568
  81 0.805 5043 304.363
  82 0.815 6724 296.35
  83 0.825 5043 297.154
  84 0.835 6592 301.999
  85 0.845 3800.4 300.854
  86 0.855 3680.6 300.482
  87 0.865 3676 298.727
  88 0.875 3623.1 296.063
  89 0.885 4778.6 301.003
  90 0.895 6128.3 303.066
  91 0.905 5137.6 306.487
  92 0.915 6629.4 301.869
  93 0.925 5054.5 300.499
  94 0.935 6712.5 298.854
  95 0.945 5048.1 298.687
  96 0.955 6718.9 304.395
  97 0.965 5088.8 300.104
  98 0.975 6448.8 299.37
  99 0.985 3392.6 300.66
  100 0.995 3738 304.06
20 100 440002
  1 0.005 3723.4 304.959
  2 0.015 3449.8 306.297
  3 0.025 6424 301.333
  4 0.035 5055 299.389
  5 0.045 6724 301.802
  6 0.055 5043 295.84
  7 0.065 6711.7 297.522
  8 0.075 5055.3 296.149
  9 0.085 6636.7 301.52
  10 0.095 5130.3 302.09
  11 0.105 6195.7 300.205
  12 0.115 4710.5 297.326
  13 0.125 3623.8 300.779
  14 0.135 3675 305.267
  15 0.145 3680 297.321
  16 0.155 3807.5 298.834
  17 0.165 6586.5 306.246
  18 0.175 5043 297.508
  19 0.185 6724 297.467
  20 0.195 5043 297.836
  21 0.205 6724 302.385
  22 0.215 5043 300.892
  23 0.225 6724 301.319
  24 0.235 5043 298.726
  25 0.245 6628.1 299.792
  26 0.255 3768.9 297.508
  27 0.265 3677 299.329
  28 0.275 3676 306.468
  29 0.285 3632 300.945
  30 0.295 4980.8 303.141
  31 0.305 5916.2 297.685
  32 0.315 5396 304.804
  33 0.325 6371 301.595
  34 0.335 5088.3 296.033
  35 0.345 6678.7 298.894
  36 0.355 5050 297.555
  37 0.365 6717 301.858
  38 0.375 5046 301.444
  39 0.385 6582.5 295.341
  40 0.395 3304.6 295.435
  41 0.405 5191 299.193
  42 0.415 5615.2 1576.74
  43 0.425 125.7 892.185
  44 0.435 0 0
  45 0.445 0 0
  46 0.455 0 0
  47 0.465 0 0
  48 0.475 0 0
  49 0.485 0 0
  50 0.495 0 0
  51 0.505 0 0
  52 0.515 0 0
  53 0.525 0 0
  54 0.535 0 0
  55 0.545 0 0
  56 0.555 0 0
  57 0.565 0 0
  58 0.575 119.1 733.779
  59 0.585 5579.6 3752.69
  60 0.595 5235.2 299.897
  61 0.605 3247.9 295.58
  62 0.615 6581 301.219
  63 0.625 5044.2 298.949
  64 0.635 6723.1 298.034
  65 0.645 5043.9 299.074
  66 0.655 6695.5 302.826
  67 0.665 5071.5 295.555
  68 0.675 6484.4 302.341
  69 0.685 5282.6 297.535
  70 0.695 5945.9 295.788
  71 0.705 4951.9 302.66
  72 0.715 3632.2 300.765
  73 0.725 3676 297.544
  74 0.735 3682.3 304.319
  75 0.745 3763.3 298.061
  76 0.755 6627.4 300.953
  77 0.765 5043 302.426
  78 0.775 6724 297.649
  79 0.785 5043 297.086
  80 0.795 6724 298.512
  81 0.805 5043 303.701
  82 0.815 6724 296.909
  83 0.825 5043 295.761
  84 0.835 6615.8 301.766
  85 0.845 3779.4 300.598
  86 0.855 3678.4 300.339
  87 0.865 3675.4 298.211
  88 0.875 3625 294.552
  89 0.885 4811.2 301.553
  90 0.895 6093.8 303.433
  91 0.905 5158.6 306.514
  92 0.915 6608.4 302.008
  93 0.925 5060.2 300.667
  94 0.935 6706.8 298.777
  95 0.945 5049.7 299.156
  96 0.955 6717.3 304.087
  97 0.965 5091.6 300.701
  98 0.975 6446.4 298.494
  99 0.985 3392.8 300.809
  100 0.995 3739 304.151
30 100 440002
  1 0.005 3720.9 307.673
  2 0.015 3448.6 306.398
  3 0.025 6425.2 301.345
  4 0.035 5055.2 298.813
  5 0.045 6724 302.14
  6 0.055 5043 295.866
  7 0.065 6710.2 297.523
  8 0.075 5056.8 295.56
  9 0.085 6614.6 300.67
  10 0.095 5152.4 301.803
  11 0.105 6159.7 300.387
  12 0.115 4743.7 297.379
  13 0.125 3626.6 301.024
  14 0.135 3675 305.136
  15 0.145 3679 297.493
  16 0.155 3792.2 298.175
  17 0.165 6602.8 305.928
  18 0.175 5043 298.254
  19 0.185 6724 297.666
  20 0.195 5043 297.877
  21 0.205 6724 301.593
  22 0.215 5043 301.209
  23 0.225 6724 301.358
  24 0.235 5043 298.394
  25 0.245 6602.6 300.113
  26 0.255 3791.9 297.073
  27 0.265 3679.5 299.061
  28 0.275 3676 306.354
  29 0.285 3627.1 300.583
  30 0.295 4884.2 303.174
  31 0.305 6017.7 298.004
  32 0.315 5241.8 304.663
  33 0.325 6525.2 302.192
  34 0.335 5053.2 295.054
  35 0.345 6713.8 298.935
  36 0.355 5044.5 298.321
  37 0.365 6722.5 301.78
  38 0.375 5043.1 301.553
  39 0.385 6578.1 295.395
  40 0.395 3278.7 296.379
  41 0.405 5180.3 757.569
  42 0.415 5652.8 1112.51
  43 0.425 132 728.163
  44 0.435 0 0
  45 0.445 0 0
  46 0.455 0 0
  47 0.465 0 0
  48 0.475 0 0
  49 0.485 0 0
  50 0.495 0 0
  51 0.505 0 0
  52 0.515 0 0
  53 0.525 0 0
  54 0.535 0 0
  55 0.545 0 0
  56 0.555 0 0
  57 0.565 0 0
  58 0.575 127.2 24129.6
  59 0.585 5624.6 5592.37
  60 0.595 5202.3 302.25
  61 0.605 3232.4 295.308
  62 0.615 6577.3 301.006
  63 0.625 5043.2 299.297
  64 0.635 6724 297.945
  65 0.645 5043 298.2
  66 0.655 6717.7 303.529
  67 0.665 5049.3 295.548
  68 0.675 6596.7 301.693
  69 0.685 5170.3 297.212
  70 0.695 6032.8 296.251
  71 0.705 4870.2 303.323
  72 0.715 3627 299.86
  73 0.725 3676 297.272
  74 0.735 3685.2 303.877
  75 0.745 3790.5 298.345
  76 0.755 6597.3 301.665
  77 0.765 5043 302.423
  78 0.775 6724 297.578
  79 0.785 5043 296.599
  80 0.795 6724 298.615
  81 0.805 5043 303.008
  82 0.815 6724 297.362
  83 0.825 5043 294.482
  84 0.835 6639.2 301.722
  85 0.845 3757.1 300.367
  86 0.855 3677.7 300.163
  87 0.865 3675 297.614
  88 0.875 3626.4 293.548
  89 0.885 4840.1 301.649
  90 0.895 6063.5 304.15
  91 0.905 5187.4 306.693
  92 0.915 6579.6 301.848
  93 0.925 5063 300.581
  94 0.935 6704 298.945
  95 0.945 5050.1 299.745
  96 0.955 6716.9 303.821
  97 0.965 5096.4 301.281
  98 0.975 6441.6 297.645
  99 0.985 3392.9 300.735
  100 0.995 3741.2 302.892
40 100 440002
  1 0.005 3719.6 307.623
  2 0.015 3449.5 306.642
  3 0.025 6426 301.307
  4 0.035 5056 298.262
  5 0.045 6724 302.419
  6 0.055 5043 295.991
  7 0.065 6708.3 297.401
  8 0.075 5058.7 295.114
  9 0.085 6600.8 299.945
  10 0.095 5166.2 301.343
  11 0.105 6116.1 300.351
  12 0.115 4786.9 297.672
  13 0.125 3627 301.421
  14 0.135 3675 304.714
  15 0.145 3677.8 297.705
  16 0.155 3775.1 297.679
  17 0.165 6621.1 305.34
  18 0.175 5043 298.94
  19 0.185 6724 297.982
  20 0.195 5043 297.887
  21 0.205 6724 300.737
  22 0.215 5043 301.691
  23 0.225 6723.8 301.424
  24 0.235 5043.2 298.069
  25 0.245 6569.7 300.288
  26 0.255 3822 296.631
  27 0.265 3682.3 298.842
  28 0.275 3675.2 306.043
  29 0.285 3623.9 300.214
  30 0.295 4788.1 303.73
  31 0.305 6117.8 297.91
  32 0.315 5149.6 304.199
  33 0.325 6617.4 302.707
  34 0.335 5045.1 294.39
  35 0.345 6721.9 298.884
  36 0.355 5043 299.256
  37 0.365 6724 301.557
  38 0.375 5043 301.572
  39 0.385 6568.2 295.178
  40 0.395 3257.2 295.791
  41 0.405 5165.8 734.655
  42 0.415 5692.1 947.461
  43 0.425 138.7 4636.45
  44 0.435 0 0
  45 0.445 0 0
  46 0.455 0 0
  47 0.465 0 0
  48 0.475 0 0
  49 0.485 0 0
  50 0.495 0 0
  51 0.505 0 0
  52 0.515 0 0
  53 0.525 0 0
  54 0.535 0 0
  55 0.545 0 0
  56 0.555 0 0
  57 0.565 0.4 0
  58 0.575 134.7 4.67091e+06
  59 0.585 5659.8 121486
  60 0.595 5180.2 151734
  61 0.605 3219.1 42556.2
  62 0.615 6569.8 301.009
  63 0.625 5043 299.797
  64 0.635 6724 297.918
  65 0.645 5043 297.452
  66 0.655 6721.1 304.241
  67 0.665 5045.9 295.533
  68 0.675 6656.7 300.924
  69 0.685 5110.3 297.035
  70 0.695 6133.8 297.355
  71 0.705 4773.8 303.098
  72 0.715 3622.4 298.937
  73 0.725 3676 297.068
  74 0.735 3686 303.5
  75 0.745 3831 298.509
  76 0.755 6556 302.333
  77 0.765 5043 302.333
  78 0.775 6724 297.442
  79 0.785 5043 296.222
  80 0.795 6724 298.876
  81 0.805 5043 302.32
  82 0.815 6724 297.691
  83 0.825 5043 293.371
  84 0.835 6657.1 301.495
  85 0.845 3740.9 300.685
  86 0.855 3676 300.086
  87 0.865 3675 296.954
  88 0.875 3628.3 293.064
  89 0.885 4870.6 302.033
  90 0.895 6031.1 304.602
  91 0.905 5227.3 306.711
  92 0.915 6539.7 301.638
  93 0.925 5066.5 300.706
  94 0.935 6700.5 298.991
  95 0.945 5051.4 300.553
  96 0.955 6715.6 303.501
  97 0.965 5099.9 301.751
  98 0.975 6437 296.853
  99 0.985 3395.1 300.684
  100 0.995 3738.9 302.651
50 100 440002
  1 0.005 3718.6 305.633
  2 0.015 3452.8 306.863
  3 0.025 6424.1 301.148
  4 0.035 5055.9 297.634
  5 0.045 6724 302.618
  6 0.055 5043 296.21
  7 0.065 6706.8 297.099
  8 0.075 5060.2 294.922
  9 0.085 6579.6 298.958
  10 0.095 5187.4 301.293
  11 0.105 6087.9 300.452
  12 0.115 4813.3 297.79
  13 0.125 3628.8 301.889
  14 0.135 3675 304.035
  15 0.145 3676.5 297.958
  16 0.155 3751.6 297.209
  17 0.165 6645.9 304.611
  18 0.175 5043 299.513
  19 0.185 6724 298.401
  20 0.195 5043 297.876
  21 0.205 6724 299.874
  22 0.215 5043 302.3
  23 0.225 6723 301.486
  24 0.235 5044 297.834
  25 0.245 6531.7 300.323
  26 0.255 3855.7 296.394
  27 0.265 3686.6 298.506
  28 0.275 3675 305.568
  29 0.285 3619.6 299.799
  30 0.295 4694.8 304.983
  31 0.305 6215.6 297.289
  32 0.315 5088.8 303.903
  33 0.325 6678.2 302.767
  34 0.335 5043 294.031
  35 0.345 6724 298.787
  36 0.355 5043 300.2
  37 0.365 6724 301.299
  38 0.375 5043 301.566
  39 0.385 6559.3 295.134
  40 0.395 3235.8 295.067
  41 0.405 5138.9 725.197
  42 0.415 5746.3 854.995
  43 0.425 141.7 7241.93
  44 0.435 0 0
  45 0.445 0 0
  46 0.455 0 0
  47 0.465 0 0
  48 0.475 0 0
  49 0.485 0 0
  50 0.495 0 0
  51 0.505 0 0
  52 0.515 0 0
  53 0.525 0 0
  54 0.535 0.3 0
  55 0.545 0.4 0
  56 0.555 0.3 0
  57 0.565 0 0
  58 0.575 142.1 28803.2
  59 0.585 5696.5 2529.22
  60 0.595 5171.7 12778.3
  61 0.605 3190.2 218443
  62 0.615 6562.5 125256
  63 0.625 5043 300.38
  64 0.635 6724 297.928
  65 0.645 5043 296.914
  66 0.655 6723.8 304.899
  67 0.665 5043.2 295.5
  68 0.675 6693.9 300.201
  69 0.685 5073.1 296.779
  70 0.695 6224.5 298.014
  71 0.705 4688.2 303.341
  72 0.715 3617.3 297.851
  73 0.725 3676.8 296.915
  74 0.735 3688 303.185
  75 0.745 3872 298.213
  76 0.755 6512.2 303.111
  77 0.765 5043 302.142
  78 0.775 6724 297.238
  79 0.785 5043 295.981
  80 0.795 6724 299.286
  81 0.805 5043 301.671
  82 0.815 6724 297.89
  83 0.825 5043 292.471
  84 0.835 6670.6 301.346
  85 0.845 3728.7 301.142
  86 0.855 3674.7 299.965
  87 0.865 3675 296.28
  88 0.875 3629.9 293.047
  89 0.885 4909.4 302.336
  90 0.895 5990.7 305.07
  91 0.905 5267.7 306.366
  92 0.915 6499.3 301.575
  93 0.925 5070.4 300.797
  94 0.935 6696.6 299.08
  95 0.945 5052.6 301.537
  96 0.955 6714.4 303.135
  97 0.965 5104.2 302.28
  98 0.975 6431.9 296.122
  99 0.985 3398.5 300.511
  100 0.995 3736 306.609
60 100 440002
  1 0.005 3717.7 308.108
  2 0.015 3454.3 307.124
  3 0.025 6422.4 300.795
  4 0.035 5057.2 297.059
  5 0.045 6724 302.72
  6 0.055 5043 296.516
  7 0.065 6706.1 296.778
  8 0.075 5060.9 294.815
  9 0.085 6551.1 298.172
  10 0.095 5215.9 301.1
  11 0.105 6060.3 300.332
  12 0.115 4837.5 298.066
  13 0.125 3632.2 302.593
  14 0.135 3675 303.144
  15 0.145 3676 298.272
  16 0.155 3731.3 296.252
  17 0.165 6666.7 304.08
  18 0.175 5043 299.93
  19 0.185 6724 298.901
  20 0.195 5043 297.851
  21 0.205 6724 299.065
  22 0.215 5043 302.984
  23 0.225 6722.6 301.654
  24 0.235 5044.4 297.573
  25 0.245 6489 300.272
  26 0.255 3896 296.011
  27 0.265 3689 298.382
  28 0.275 3675 304.965
  29 0.285 3614.1 299.662
  30 0.295 4605.4 305.705
  31 0.305 6310.5 296.888
  32 0.315 5059.4 302.682
  33 0.325 6707.6 303.236
  34 0.335 5043 294.031
  35 0.345 6724 298.629
  36 0.355 5043 301.159
  37 0.365 6724 300.989
  38 0.375 5043 301.545
  39 0.385 6544.7 295.323
  40 0.395 3219.7 293.99
  41 0.405 5115.6 664.364
  42 0.415 5793 868.685
  43 0.425 149 6546.38
  44 0.435 0 0
  45 0.445 0 0
  46 0.455 0 0
  47 0.465 0 0
  48 0.475 0 0
  49 0.485 0 0
  50 0.495 0 0
  51 0.505 0.3 0
  52 0.515 0.4 0
  53 0.525 0.3 0
  54 0.535 0 0
  55 0.545 0 0
  56 0.555 0 0
  57 0.565 0 0
  58 0.575 148.6 32631.6
  59 0.585 5738.1 2219.83
  60 0.595 5152.1 345.197
  61 0.605 3176.1 7103.12
  62 0.615 6547.1 29256.2
  63 0.625 5043.5 137057
  64 0.635 6724.5 103206
  65 0.645 5043 296.622
  66 0.655 6724 305.324
  67 0.665 5043 295.641
  68 0.675 6715.5 299.333
  69 0.685 5051.5 296.773
  70 0.695 6322.2 298.286
  71 0.705 4596.9 303.687
  72 0.715 3610.9 297.039
  73 0.725 3678 296.896
  74 0.735 3692.1 302.924
  75 0.745 3922.4 297.85
  76 0.755 6456.5 303.717
  77 0.765 5043 301.841
  78 0.775 6724 296.975
  79 0.785 5043 295.895
  80 0.795 6724 299.823
  81 0.805 5043 301.09
  82 0.815 6724 297.967
  83 0.825 5043 291.813
  84 0.835 6686 301.257
  85 0.845 3714 301.739
  86 0.855 3674 299.792
  87 0.865 3675.9 295.621
  88 0.875 3630.5 293.441
  89 0.885 4943.4 302.511
  90 0.895 5955.2 305.547
  91 0.905 5303.7 305.901
  92 0.915 6463.3 301.497
  93 0.925 5075.2 300.885
  94 0.935 6691.8 299.161
  95 0.945 5053.9 302.39
  96 0.955 6713.1 302.921
  97 0.965 5105.6 302.82
  98 0.975 6430 295.577
  99 0.985 3402.5 300.213
  100 0.995 3732.3 301.934
70 100 440002
  1 0.005 3719.9 303.192
  2 0.015 3452.2 307.3
  3 0.025 6421.9 300.367
  4 0.035 5058 296.534
  5 0.045 6724 302.715
  6 0.055 5043 296.899
  7 0.065 6700.2 296.365
  8 0.075 5066.8 294.929
  9 0.085 6519.6 297.374
  10 0.095 5247.4 301.107
  11 0.105 6030.4 300.452
  12 0.115 4863 298.029
  13 0.125 3636.6 303.405
  14 0.135 3675 302.098
  15 0.145 3676 298.514
  16 0.155 3716.7 295.72
  17 0.165 6681.3 303.38
  18 0.175 5043 300.159
  19 0.185 6724 299.454
  20 0.195 5043 297.814
  21 0.205 6724 298.366
  22 0.215 5043 303.685
  23 0.225 6721.6 301.853
  24 0.235 5045.4 297.4
  25 0.245 6434.9 300.294
  26 0.255 3944.6 295.627
  27 0.265 3694.2 298.155
  28 0.275 3675.3 304.251
  29 0.285 3608.9 299.514
  30 0.295 4515.2 306.362
  31 0.305 6405.9 296.513
  32 0.315 5048.1 301.539
  33 0.325 6718.9 303.378
  34 0.335 5043 294.357
  35 0.345 6724 298.443
  36 0.355 5043 302.095
  37 0.365 6724 300.651
  38 0.375 5043 301.513
  39 0.385 6529.3 295.825
  40 0.395 3202.8 294.462
  41 0.405 5092 750.269
  42 0.415 5840.9 767.161
  43 0.425 157 5750.15
  44 0.435 0 0
  45 0.445 0 0
  46 0.455 0 0
  47 0.465 0 0
  48 0.475 0.3 0
  49 0.485 0.4 0
  50 0.495 0.3 0
  51 0.505 0 0
  52 0.515 0 0
  53 0.525 0 0
  54 0.535 0 0
  55 0.545 0 0
  56 0.555 0 0
  57 0.565 0 0
  58 0.575 158.2 38145.9
  59 0.585 5775.6 1873.05
  60 0.595 5127.4 376.374
  61 0.605 3173.3 297.872
  62 0.615 6526.5 341.409
  63 0.625 5043.8 366056
  64 0.635 6724 86431.5
  65 0.645 5043.9 192546
  66 0.655 6724.3 61744.3
  67 0.665 5043 295.867
  68 0.675 6722.3 298.672
  69 0.685 5044.7 296.566
  70 0.695 6397.2 298.872
  71 0.705 4526.6 303.032
  72 0.715 3606.2 296.719
  73 0.725 3680 296.943
  74 0.735 3697.1 302.914
  75 0.745 3973.6 298.101
  76 0.755 6398.3 303.654
  77 0.765 5043 301.427
  78 0.775 6724 296.667
  79 0.785 5043 295.971
  80 0.795 6724 300.456
  81 0.805 5043 300.603
  82 0.815 6724 297.94
  83 0.825 5043 291.413
  84 0.835 6694.2 301.056
  85 0.845 3706.6 302.675
  86 0.855 3673.2 299.588
  87 0.865 3676 294.946
  88 0.875 3631.9 294.202
  89 0.885 4980.9 302.55
  90 0.895 5916.2 306.014
  91 0.905 5345.5 305.757
  92 0.915 6421.5 301.069
  93 0.925 5089.5 300.983
  94 0.935 6677.5 299.203
  95 0.945 5053.7 303.169
  96 0.955 6713.3 302.786
  97 0.965 5107.1 303.324
  98 0.975 6427.9 295.214
  99 0.985 3404.1 299.917
  100 0.995 3730.9 302.583
80 100 440002
  1 0.005 3717.3 306.275
  2 0.015 3456.3 307.247
  3 0.025 6420.4 299.911
  4 0.035 5058.8 296.046
  5 0.045 6724 302.599
  6 0.055 5043 297.343
  7 0.065 6697 295.915
  8 0.075 5070 295.22
  9 0.085 6483.9 297.163
  10 0.095 5283.1 300.603
  11 0.105 5994.3 300.523
  12 0.115 4897.8 298.182
  13 0.125 3637.9 304.111
  14 0.135 3675 300.956
  15 0.145 3676 298.68
  16 0.155 3706.7 294.904
  17 0.165 6691.3 302.959
  18 0.175 5043 300.179
  19 0.185 6724 300.025
  20 0.195 5043 297.76
  21 0.205 6724 297.822
  22 0.215 5043 304.345
  23 0.225 6718.7 301.999
  24 0.235 5048.3 297.424
  25 0.245 6379.5 300.67
  26 0.255 3988.9 294.783
  27 0.265 3703.8 297.984
  28 0.275 3676.8 303.453
  29 0.285 3602.1 299.451
  30 0.295 4449.1 306.545
  31 0.305 6478.8 296.34
  32 0.315 5043.3 300.698
  33 0.325 6723.7 303.076
  34 0.335 5043 294.996
  35 0.345 6724 298.231
  36 0.355 5043 302.971
  37 0.365 6724 300.307
  38 0.375 5043 301.478
  39 0.385 6500.5 296.46
  40 0.395 3207.6 294.912
  41 0.405 5073.8 784.632
  42 0.415 5872.6 729.052
  43 0.425 167.5 5201.07
  44 0.435 0 0
  45 0.445 0.3 0
  46 0.455 0.3 0
  47 0.465 0.4 0
  48 0.475 0 0
  49 0.485 0 0
  50 0.495 0 0
  51 0.505 0 0
  52 0.515 0 0
  53 0.525 0 0
  54 0.535 0 0
  55 0.545 0 0
  56 0.555 0 0
  57 0.565 0 0
  58 0.575 169.5 35853.7
  59 0.585 5810.3 1662.93
  60 0.595 5106.3 634.543
  61 0.605 3179 296.384
  62 0.615 6495.9 339.522
  63 0.625 5043 176656
  64 0.635 6723.6 258285
  65 0.645 5044.4 229956
  66 0.655 6724.3 60141.7
  67 0.665 5043.7 185382
  68 0.675 6724 298.17
  69 0.685 5043 296.295
  70 0.695 6465.1 299.02
  71 0.705 4465 302.65
  72 0.715 3599.9 296.643
  73 0.725 3683.1 296.971
  74 0.735 3700.1 303.122
  75 0.745 4038.4 297.802
  76 0.755 6327.4 303.684
  77 0.765 5046.3 300.874
  78 0.775 6720.7 296.365
  79 0.785 5043 296.203
  80 0.795 6724 301.149
  81 0.805 5043 300.231
  82 0.815 6724 297.834
  83 0.825 5043 291.269
  84 0.835 6702.6 300.936
  85 0.845 3698.4 303.541
  86 0.855 3673 299.317
  87 0.865 3676 294.294
  88 0.875 3634.8 295.235
  89 0.885 5011.7 302.249
  90 0.895 5882.5 306.594
  91 0.905 5393.5 305.419
  92 0.915 6373.5 300.733
  93 0.925 5096.7 300.864
  94 0.935 6670.3 299.348
  95 0.945 5054 303.93
  96 0.955 6713 302.663
  97 0.965 5111.4 303.436
  98 0.975 6423.1 295.418
  99 0.985 3404.6 299.629
  100 0.995 3730.1 303.92
90 100 440002
  1 0.005 3717.8 306.529
  2 0.015 3456.4 307.163
  3 0.025 6420.9 299.44
  4 0.035 5059.1 295.576
  5 0.045 6724 302.375
  6 0.055 5043 297.833
  7 0.065 6692.3 295.458
  8 0.075 5074.7 295.67
  9 0.085 6444.4 297.072
  10 0.095 5322.6 300.19
  11 0.105 5964 300.394
  12 0.115 4927.4 298.635
  13 0.125 3638.4 304.738
  14 0.135 3675.2 299.805
  15 0.145 3676 298.749
  16 0.155 3702.1 294.618
  17 0.165 6695.9 302.429
  18 0.175 5043 299.988
  19 0.185 6724 300.577
  20 0.195 5043 297.683
  21 0.205 6724 297.468
  22 0.215 5043 304.908
  23 0.225 6713.5 302.139
  24 0.235 5053.5 297.564
  25 0.245 6302.5 301.225
  26 0.255 4051.8 293.536
  27 0.265 3717 298.203
  28 0.275 3677.7 302.72
  29 0.285 3598.9 299.236
  30 0.295 4399 307.236
  31 0.305 6532.1 295.837
  32 0.315 5043 299.827
  33 0.325 6724 302.643
  34 0.335 5043 295.913
  35 0.345 6724 297.995
  36 0.355 5043 303.76
  37 0.365 6724 299.98
  38 0.375 5043 301.443
  39 0.385 6465.6 297.696
  40 0.395 3220.7 295.197
  41 0.405 5038.8 806.95
  42 0.415 5922.6 107198
  43 0.425 174.9 3.59324e+06
  44 0.435 0.4 0
  45 0.445 0 0
  46 0.455 0 0
  47 0.465 0 0
  48 0.475 0 0
  49 0.485 0 0
  50 0.495 0 0
  51 0.505 0 0
  52 0.515 0 0
  53 0.525 0 0
  54 0.535 0 0
  55 0.545 0 0
  56 0.555 0 0
  57 0.565 0 0
  58 0.575 176.2 36063
  59 0.585 5846 1541.39
  60 0.595 5089.4 829.684
  61 0.605 3194 339.89
  62 0.615 6455.4 316.135
  63 0.625 5043 176659
  64 0.635 6723 302.247
  65 0.645 5044.5 288794
  66 0.655 6724.5 216763
  67 0.665 5043 296.585
  68 0.675 6724.6 120058
  69 0.685 5043.4 106850
  70 0.695 6533.6 299.48
  71 0.705 4405.3 301.632
  72 0.715 3592 296.654
  73 0.725 3683.9 297.183
  74 0.735 3706.9 303.102
  75 0.745 4111.5 297.472
  76 0.755 6245.8 303.656
  77 0.765 5051.9 300.132
  78 0.775 6715.1 296.14
  79 0.785 5043 296.576
  80 0.795 6724 301.865
  81 0.805 5043 299.988
  82 0.815 6724 297.674
  83 0.825 5043 291.368
  84 0.835 6707.3 300.713
  85 0.845 3693.7 304.595
  86 0.855 3673 299.005
  87 0.865 3676 293.683
  88 0.875 3636.1 296.528
  89 0.885 5037.6 301.915
  90 0.895 5855.3 306.948
  91 0.905 5454.3 304.853
  92 0.915 6312.7 300.564
  93 0.925 5105.1 301.118
  94 0.935 6661.9 299.128
  95 0.945 5057.6 304.68
  96 0.955 6709.4 302.52
  97 0.965 5114.4 303.872
  98 0.975 6422 295.593
  99 0.985 3403.6 299.321
  100 0.995 3727.8 301.065
100 100 440002
  1 0.005 3716.3 303.32
  2 0.015 3456.2 307.018
  3 0.025 6420.2 298.872
  4 0.035 5060.4 295.353
  5 0.045 6722.8 302.025
  6 0.055 5044.2 298.388
  7 0.065 6686.1 295
  8 0.075 5080.9 296.289
  9 0.085 6406.4 297.238
  10 0.095 5360.6 299.751
  11 0.105 5936 300.736
  12 0.115 4953.5 298.572
  13 0.125 3639.5 305.211
  14 0.135 3676 298.766
  15 0.145 3674.4 298.807
  16 0.155 3695.3 294.514
  17 0.165 6704.3 301.965
  18 0.175 5043 299.597
  19 0.185 6724 301.072
  20 0.195 5043 297.574
  21 0.205 6724 297.318
  22 0.215 5043 305.33
  23 0.225 6701.4 302.235
  24 0.235 5065.6 297.845
  25 0.245 6229.6 301.624
  26 0.255 4110.2 292.663
  27 0.265 3731 298.642
  28 0.275 3678.2 302.029
  29 0.285 3594.3 299.107
  30 0.295 4362.8 307.394
  31 0.305 6572.9 295.588
  32 0.315 5043 298.999
  33 0.325 6724 302.093
  34 0.335 5043 297.058
  35 0.345 6724 297.734
  36 0.355 5043 304.437
  37 0.365 6724 299.692
  38 0.375 5043 301.415
  39 0.385 6419.9 98491.5
  40 0.395 3245.3 194685
  41 0.405 5010.4 168671
  42 0.415 5965 936.964
  43 0.425 182.4 7124.6
  44 0.435 0 0
  45 0.445 0 0
  46 0.455 0 0
  47 0.465 0 0
  48 0.475 0 0
  49 0.485 0 0
  50 0.495 0 0
  51 0.505 0 0
  52 0.515 0 0
  53 0.525 0 0
  54 0.535 0 0
  55 0.545 0 0
  56 0.555 0 0
  57 0.565 0.9 0
  58 0.575 186.8 28905.2
  59 0.585 5884.6 1526.69
  60 0.595 5058.3 829.216
  61 0.605 3229.5 363.01
  62 0.615 6400.9 301.563
  63 0.625 5043 176671
  64 0.635 6723 302.051
  65 0.645 5044 617.131
  66 0.655 6724.3 162688
  67 0.665 5043.7 508743
  68 0.675 6724 298.498
  69 0.685 5043.3 79750.8
  70 0.695 6593.1 121509
  71 0.705 4352.5 30915.4
  72 0.715 3586.1 296.97
  73 0.725 3687.2 297.729
  74 0.735 3717.1 302.892
  75 0.745 4176.3 297.392
  76 0.755 6167.4 303.299
  77 0.765 5061.1 299.483
  78 0.775 6705.9 295.832
  79 0.785 5043 297.066
  80 0.795 6724 302.565
  81 0.805 5043 299.881
  82 0.815 6724 297.488
  83 0.825 5043 291.684
  84 0.835 6710.5 300.489
  85 0.845 3690.5 305.542
  86 0.855 3673 298.669
  87 0.865 3676 293.129
  88 0.875 3639.1 297.912
  89 0.885 5074.5 301.705
  90 0.895 5815.4 306.986
  91 0.905 5519.3 304.317
  92 0.915 6247.7 300.389
  93 0.925 5115.4 301.257
  94 0.935 6651.6 298.898
  95 0.945 5061.1 305.142
  96 0.955 6705.9 302.549
  97 0.965 5117.9 304.198
  98 0.975 6419.1 295.998
  99 0.985 3405.1 299.231
  100 0.995 3726.8 299.82
110 100 440002
  1 0.005 3718.2 302.942
  2 0.015 3456.5 306.642
  3 0.025 6418.3 298.51
  4 0.035 5062.7 295.162
  5 0.045 6721.8 301.617
  6 0.055 5045.2 298.915
  7 0.065 6676.4 294.622
  8 0.075 5090.6 296.967
  9 0.085 6370.1 297.462
  10 0.095 5396.9 299.497
  11 0.105 5913.2 300.588
  12 0.115 4974.5 299.183
  13 0.125 3641.3 305.605
  14 0.135 3676 297.722
  15 0.145 3673.8 298.724
  16 0.155 3689.1 294.672
  17 0.165 6711.1 301.625
  18 0.175 5043 299.033
  19 0.185 6724 301.474
  20 0.195 5043 297.421
  21 0.205 6724 297.374
  22 0.215 5043 305.577
  23 0.225 6679.9 302.253
  24 0.235 5087.1 298.268
  25 0.245 6158.8 301.092
  26 0.255 4170.2 293.453
  27 0.265 3739.3 299.105
  28 0.275 3680 301.457
  29 0.285 3589.7 298.861
  30 0.295 4328.1 307.304
  31 0.305 6612.9 295.53
  32 0.315 5043 298.271
  33 0.325 6724 301.459
  34 0.335 5043 298.362
  35 0.345 6724 297.448
  36 0.355 5043.3 124336
  37 0.365 6724.3 93284.2
  38 0.375 5043.3 124278
  39 0.385 6353.6 33170.6
  40 0.395 3288.1 296.909
  41 0.405 4988.9 772.618
  42 0.415 6001.2 1701.02
  43 0.425 190.3 10515.5
  44 0.435 0 0
  45 0.445 0 0
  46 0.455 0 0
  47 0.465 0 0
  48 0.475 0 0
  49 0.485 0 0
  50 0.495 0 0
  51 0.505 0 0
  52 0.515 0 0
  53 0.525 0 0
  54 0.535 0 0
  55 0.545 0 0
  56 0.555 0 0
  57 0.565 1 0
  58 0.575 194.7 28151.7
  59 0.585 5932 1501.56
  60 0.595 5021.4 849.614
  61 0.605 3281.3 353.331
  62 0.615 6330.6 301.654
  63 0.625 5043 176677
  64 0.635 6723 301.762
  65 0.645 5044 616.612
  66 0.655 6724 5541.14
  67 0.665 5043 297.535
  68 0.675 6724.6 327552
  69 0.685 5043.4 291299
  70 0.695 6641 300.124
  71 0.705 4309.3 185835
  72 0.715 3583.2 149380
  73 0.725 3690.7 298.467
  74 0.735 3725.2 302.958
  75 0.745 4233.7 296.636
  76 0.755 6096.9 303.149
  77 0.765 5081.2 298.679
  78 0.775 6685.8 295.686
  79 0.785 5043.7 297.679
  80 0.795 6723.3 303.187
  81 0.805 5043 299.911
  82 0.815 6724 297.298
  83 0.825 5043 292.179
  84 0.835 6714.9 300.328
  85 0.845 3688.5 306.257
  86 0.855 3670.6 298.299
  87 0.865 3676.7 292.762
  88 0.875 3641.2 299.135
  89 0.885 5104.5 301.432
  90 0.895 5782.6 306.871
  91 0.905 5581.6 303.932
  92 0.915 6185.4 300.131
  93 0.925 5135.2 301.552
  94 0.935 6631.8 298.447
  95 0.945 5062.8 305.492
  96 0.955 6704.2 302.606
  97 0.965 5120.2 304.281
  98 0.975 6417.5 296.775
  99 0.985 3404.8 299.186
  100 0.995 3723.8 300.086
120 100 440002
  1 0.005 3718.4 304.112
  2 0.015 3454.3 306.114
  3 0.025 6418.9 298.282
  4 0.035 5063.5 295.053
  5 0.045 6719.4 301.239
  6 0.055 5047.6 299.31
  7 0.065 6665.4 294.511
  8 0.075 5101.6 297.449
  9 0.085 6337.8 297.839
  10 0.095 5429.2 299.299
  11 0.105 5891.1 300.207
  12 0.115 4995.7 300.195
  13 0.125 3641.2 305.745
  14 0.135 3677 296.779
  15 0.145 3673 298.599
  16 0.155 3685.5 294.952
  17 0.165 6715.5 301.452
  18 0.175 5043 298.334
  19 0.185 6724 301.754
  20 0.195 5043 297.218
  21 0.205 6723.5 297.625
  22 0.215 5043.5 305.623
  23 0.225 6646.4 302.057
  24 0.235 5120.6 298.96
  25 0.245 6066.8 300.681
  26 0.255 4247.4 294.532
  27 0.265 3750.2 299.328
  28 0.275 3682.6 301.063
  29 0.285 3584 298.128
  30 0.295 4300.9 307.361
  31 0.305 6647.1 295.573
  32 0.315 5043 297.69
  33 0.325 6724.3 93825.9
  34 0.335 5043.3 124896
  35 0.345 6724.3 93747
  36 0.355 5043.1 41791.2
  37 0.365 6723.5 299.307
  38 0.375 5043.5 301.422
  39 0.385 6263.3 306.589
  40 0.395 3351.8 298.391
  41 0.405 4975.9 44797.5
  42 0.415 6031 43051.4
  43 0.425 200 1.9928e+06
  44 0.435 0 0
  45 0.445 0 0
  46 0.455 0 0
  47 0.465 0 0
  48 0.475 0 0
  49 0.485 0 0
  50 0.495 0 0
  51 0.505 0 0
  52 0.515 0 0
  53 0.525 0 0
  54 0.535 0 0
  55 0.545 0 0
  56 0.555 0 0
  57 0.565 1 0
  58 0.575 205.1 34617.5
  59 0.585 5973.8 1294.8
  60 0.595 4996 872.18
  61 0.605 3341.8 347.257
  62 0.615 6243.3 301.427
  63 0.625 5043 176678
  64 0.635 6723 301.399
  65 0.645 5044 617.966
  66 0.655 6724 5537.47
  67 0.665 5043 298.038
  68 0.675 6724 298.385
  69 0.685 5043.3 219115
  70 0.695 6669.8 388221
  71 0.705 4286.6 299.696
  72 0.715 3577.7 76193
  73 0.725 3700 220385
  74 0.735 3730.8 73055.6
  75 0.745 4297.3 297.143
  76 0.755 6018.5 302.087
  77 0.765 5119.3 297.762
  78 0.775 6647.7 295.722
  79 0.785 5047.7 298.29
  80 0.795 6719.3 303.766
  81 0.805 5043 300.072
  82 0.815 6724 297.123
  83 0.825 5043 292.809
  84 0.835 6718.4 300.209
  85 0.845 3685.6 306.722
  86 0.855 3670 297.912
  87 0.865 3677.1 292.411
  88 0.875 3641.3 300.397
  89 0.885 5141.3 301.137
  90 0.895 5745.3 306.544
  91 0.905 5644.4 303.776
  92 0.915 6122.6 299.74
  93 0.925 5152.8 301.385
  94 0.935 6614.2 298.249
  95 0.945 5065.3 305.612
  96 0.955 6701.7 302.773
  97 0.965 5121.5 304.538
  98 0.975 6416.5 297.555
  99 0.985 3403.4 299.424
  100 0.995 3725.5 300.566
130 100 440002
  1 0.005 3721.6 305.614
  2 0.015 3453.7 305.499
  3 0.025 6416.1 298.271
  4 0.035 5066 295.055
  5 0.045 6718.3 300.806
  6 0.055 5048.7 299.699
  7 0.065 6655.2 294.676
  8 0.075 5111.8 297.702
  9 0.085 6289.2 298.324
  10 0.095 5477.8 299.191
  11 0.105 5855.8 299.665
  12 0.115 5024.9 301.336
  13 0.125 3646.3 305.632
  14 0.135 3678 296.171
  15 0.145 3672.2 298.329
  16 0.155 3684.5 295.339
  17 0.165 6717.3 301.506
  18 0.175 5043 297.552
  19 0.185 6724 301.89
  20 0.195 5043 296.959
  21 0.205 6721.4 298.022
  22 0.215 5045.6 305.484
  23 0.225 6596.5 301.729
  24 0.235 5170.5 299.762
  25 0.245 5997 300.611
  26 0.255 4304.6 295.153
  27 0.265 3760.8 299.815
  28 0.275 3683.8 300.72
  29 0.285 3578.3 297.798
  30 0.295 4283.8 148299
  31 0.305 6671.3 95331.7
  32 0.315 5043.3 126009
  33 0.325 6724.1 31667.2
  34 0.335 5043 301.144
  35 0.345 6724.1 32887.9
  36 0.355 5043.2 87186.3
  37 0.365 6722.9 32886.2
  38 0.375 5044.4 87161.1
  39 0.385 6164.4 71385.6
  40 0.395 3422.6 64299.8
  41 0.405 4958.2 44912.7
  42 0.415 6064.9 1030.63
  43 0.425 210.1 1.41471e+06
  44 0.435 0.3 0
  45 0.445 0.2 0
  46 0.455 0.2 0
  47 0.465 0.2 0
  48 0.475 0.2 0
  49 0.485 0.1 0
  50 0.495 0 0
  51 0.505 0 0
  52 0.515 0 0
  53 0.525 0 0
  54 0.535 0 0
  55 0.545 0 0
  56 0.555 0 0
  57 0.565 1 0
  58 0.575 214.3 34827
  59 0.585 6013.4 1331.67
  60 0.595 4967.7 873.746
  61 0.605 3438.4 351.216
  62 0.615 6126.2 301.093
  63 0.625 5046.1 176567
  64 0.635 6719.9 301.049
  65 0.645 5044 620.018
  66 0.655 6724 5534.18
  67 0.665 5043 298.519
  68 0.675 6724 298.483
  69 0.685 5043 317.046
  70 0.695 6694 515.748
  71 0.705 4264.8 644370
  72 0.715 3578.8 330039
  73 0.725 3701.3 299.725
  74 0.735 3740.8 181635
  75 0.745 4366.5 149218
  76 0.755 5934.8 301.85
  77 0.765 5188.9 297.387
  78 0.775 6578.1 295.493
  79 0.785 5053.8 298.848
  80 0.795 6713.2 304.29
  81 0.805 5043 300.353
  82 0.815 6724 296.972
  83 0.825 5043 293.527
  84 0.835 6720.8 300.123
  85 0.845 3683.2 306.891
  86 0.855 3670 297.592
  87 0.865 3678.2 292.109
  88 0.875 3641.6 301.505
  89 0.885 5182.4 300.232
  90 0.895 5702.8 306.636
  91 0.905 5709.2 303.186
  92 0.915 6057.8 299.859
  93 0.925 5169.7 301.21
  94 0.935 6597.3 297.958
  95 0.945 5068.4 305.624
  96 0.955 6698.6 302.957
  97 0.965 5122.4 304.709
  98 0.975 6416.2 298.534
  99 0.985 3405.4 299.91
  100 0.995 3720.6 299.604
140 100 440002
  1 0.005 3723.7 302.046
  2 0.015 3454.9 304.911
  3 0.025 6412.8 298.42
  4 0.035 5068.5 295.209
  5 0.045 6715.6 300.347
  6 0.055 5051.4 300.063
  7 0.065 6635.3 294.475
  8 0.075 5131.7 298.526
  9 0.085 6242.7 298.669
  10 0.095 5524.3 299.416
  11 0.105 5816 299.045
  12 0.115 5061.6 302.635
  13 0.125 3649.4 305.288
  14 0.135 3678 295.647
  15 0.145 3672 298.091
  16 0.155 3682.3 295.836
  17 0.165 6719.7 301.663
  18 0.175 5043 296.741
  19 0.185 6724 301.869
  20 0.195 5043 296.647
  21 0.205 6719.3 298.521
  22 0.215 5047.7 305.178
  23 0.225 6532 301.754
  24 0.235 5235 300.006
  25 0.245 5925.6 300.19
  26 0.255 4364.8 296.458
  27 0.265 3769.6 168303
  28 0.275 3683.8 172227
  29 0.285 3580.1 358663
  30 0.295 4267 51685.1
  31 0.305 6689.6 65841.2
  32 0.315 5043.1 43769.4
  33 0.325 6724.2 65509.8
  34 0.335 5043.2 87242.3
  35 0.345 6724 296.576
  36 0.355 5043 306.451
  37 0.365 6717.1 299.363
  38 0.375 5049.9 301.405
  39 0.385 6042.1 306.768
  40 0.395 3525.8 299.163
  41 0.405 4924.1 105299
  42 0.415 6105.9 497912
  43 0.425 221.1 8817.26
  44 0.435 0.9 0
  45 0.445 0.1 0
  46 0.455 0 0
  47 0.465 0 0
  48 0.475 0 0
  49 0.485 0 0
  50 0.495 0.2 0
  51 0.505 0.2 0
  52 0.515 0.2 0
  53 0.525 0.2 0
  54 0.535 0.1 0
  55 0.545 0.1 0
  56 0.555 0 0
  57 0.565 1.9 642646
  58 0.575 223.1 32840.8
  59 0.585 6047.8 1245.48
  60 0.595 4937.5 964.284
  61 0.605 3567.4 334.894
  62 0.615 5983.3 314.382
  63 0.625 5054.8 176259
  64 0.635 6711.2 300.691
  65 0.645 5044 618.883
  66 0.655 6724 5530.88
  67 0.665 5043 298.949
  68 0.675 6724 298.678
  69 0.685 5043 315.519
  70 0.695 6703.5 490.831
  71 0.705 4258.4 331.721
  72 0.715 3578.3 446464
  73 0.725 3701.8 647210
  74 0.735 3754.3 303.866
  75 0.745 4433.8 30933.2
  76 0.755 5850.6 83907.3
  77 0.765 5268.3 46584.2
  78 0.775 6499 295.615
  79 0.785 5061.3 299.367
  80 0.795 6705.7 304.708
  81 0.805 5043 300.736
  82 0.815 6724 296.853
  83 0.825 5043 294.288
  84 0.835 6723.4 300.063
  85 0.845 3680.6 306.837
  86 0.855 3670 297.313
  87 0.865 3679 291.934
  88 0.875 3643.9 302.586
  89 0.885 5216.3 299.56
  90 0.895 5665.8 306.276
  91 0.905 5778.8 302.767
  92 0.915 5988.2 299.935
  93 0.925 5193.4 300.945
  94 0.935 6573.6 297.659
  95 0.945 5070.1 305.545
  96 0.955 6696.9 303.145
  97 0.965 5124.8 304.808
  98 0.975 6414.2 299.597
  99 0.985 3406.1 300.377
  100 0.995 3717 299.781
150 100 440002
  1 0.005 3722.3 308.441
  2 0.015 3454.6 304.073
  3 0.025 6409.5 298.8
  4 0.035 5074.8 295.568
  5 0.045 6712.4 299.795
  6 0.055 5054.6 300.516
  7 0.065 6611.9 294.495
  8 0.075 5155.1 299.121
  9 0.085 6184.1 298.968
  10 0.095 5582.9 299.829
  11 0.105 5779.6 298.293
  12 0.115 5094.5 304.088
  13 0.125 3652.9 304.601
  14 0.135 3678 295.35
  15 0.145 3672 297.874
  16 0.155 3682 296.197
  17 0.165 6719.2 302.053
  18 0.175 5043.8 295.934
  19 0.185 6724 301.689
  20 0.195 5043 296.29
  21 0.205 6710.1 298.977
  22 0.215 5057 44380.7
  23 0.225 6451.8 69863.5
  24 0.235 5315.8 161641
  25 0.245 5857.2 185035
  26 0.255 4420.1 242064
  27 0.265 3778.6 119063
  28 0.275 3687.3 62008.4
  29 0.285 3576.5 304.713
  30 0.295 4256.2 307.22
  31 0.305 6704.4 295.379
  32 0.315 5043 297.203
  33 0.325 6724 300.465
  34 0.335 5043 303.577
  35 0.345 6723.2 296.21
  36 0.355 5043.8 306.396
  37 0.365 6706 299.572
  38 0.375 5061.2 204801
  39 0.385 5908 261081
  40 0.395 3643.4 423112
  41 0.405 4890.3 210763
  42 0.415 6142.2 536.473
  43 0.425 233.9 3.13352e+07
  44 0.435 1 2.6847e+09
  45 0.445 0.9 0
  46 0.455 0.1 0
  47 0.465 0 0
  48 0.475 0 0
  49 0.485 0 0
  50 0.495 0 0
  51 0.505 0 0
  52 0.515 0 0
  53 0.525 0 0
  54 0.535 0 0
  55 0.545 0.1 0
  56 0.555 0.2 0
  57 0.565 2.2 8.34382e+07
  58 0.575 230.4 1.17825e+06
  59 0.585 6082.1 22888.3
  60 0.595 4919.1 54837.8
  61 0.605 3699.3 483.131
  62 0.615 5828.6 315.59
  63 0.625 5076.8 175493
  64 0.635 6689.2 299.976
  65 0.645 5044.9 617.787
  66 0.655 6723.1 5528.92
  67 0.665 5043 299.302
  68 0.675 6724 298.951
  69 0.685 5043 314.132
  70 0.695 6712.6 300.386
  71 0.705 4254.3 731.734
  72 0.715 3577.8 460.597
  73 0.725 3703.3 303.838
  74 0.735 3763.4 638707
  75 0.745 4485.3 369514
  76 0.755 5783.3 301.851
  77 0.765 5378.9 44962.6
  78 0.775 6389 75442.8
  79 0.785 5077.1 16058
  80 0.795 6690 304.89
  81 0.805 5043 301.2
  82 0.815 6724 296.764
  83 0.825 5043 295.047
  84 0.835 6724 300.096
  85 0.845 3680 306.452
  86 0.855 3670 297.092
  87 0.865 3679.4 291.816
  88 0.875 3645.8 303.21
  89 0.885 5250.3 299.236
  90 0.895 5629.5 305.719
  91 0.905 5843.8 302.444
  92 0.915 5923.2 300.053
  93 0.925 5221.3 300.787
  94 0.935 6545.7 297.224
  95 0.945 5072.9 305.283
  96 0.955 6694.1 303.41
  97 0.965 5129.9 304.862
  98 0.975 6409.5 300.641
  99 0.985 3404.6 300.796
  100 0.995 3716.8 303.674
160 100 440002
  1 0.005 3722 302.047
  2 0.015 3450.9 303.214
  3 0.025 6411.1 299.476
  4 0.035 5075.7 295.915
  5 0.045 6707.3 299.418
  6 0.055 5059.7 300.729
  7 0.065 6593.7 295.086
  8 0.075 5173.3 299.007
  9 0.085 6130.7 299.936
  10 0.095 5636.3 299.563
  11 0.105 5739.7 297.602
  12 0.115 5130.4 305.343
  13 0.125 3656.9 303.705
  14 0.135 3677.7 295.272
  15 0.145 3672.3 297.682
  16 0.155 3680.9 120549
  17 0.165 6719.4 33244.1
  18 0.175 5045.2 88039.7
  19 0.185 6721.6 66162.9
  20 0.195 5045.7 44164
  21 0.205 6699.8 160960
  22 0.215 5068 125151
  23 0.225 6345.7 133255
  24 0.235 5421.7 301.567
  25 0.245 5785.4 299.722
  26 0.255 4469.6 297.797
  27 0.265 3789.3 302.803
  28 0.275 3694.2 1697.03
  29 0.285 3573.7 665.501
  30 0.295 4252 306.616
  31 0.305 6714.8 295.52
  32 0.315 5043 297.525
  33 0.325 6724 299.974
  34 0.335 5043.1 105270
  35 0.345 6722.4 236540
  36 0.355 5045.1 210161
  37 0.365 6673.2 238286
  38 0.375 5094.2 104720
  39 0.385 5725.2 306.296
  40 0.395 3802.8 299.667
  41 0.405 4867.1 718.821
  42 0.415 6179.7 536.148
  43 0.425 240.2 6137.67
  44 0.435 1.5 1.54705e+09
  45 0.445 1.1 1.48038e+09
  46 0.455 1.4 2.78297e+08
  47 0.465 0 0
  48 0.475 0 0
  49 0.485 0 0
  50 0.495 0 0
  51 0.505 0 0
  52 0.515 0 0
  53 0.525 0 0
  54 0.535 0 0
  55 0.545 0 0
  56 0.555 0.2 0
  57 0.565 1.8 602977
  58 0.575 235 30115.4
  59 0.585 6117.1 1009.65
  60 0.595 4899.7 1044.09
  61 0.605 3837.4 70352
  62 0.615 5670.2 47846.6
  63 0.625 5133.5 226061
  64 0.635 6632.8 20616.1
  65 0.645 5048.2 57467.4
  66 0.655 6720.1 22974.2
  67 0.665 5043 299.558
  68 0.675 6724 299.281
  69 0.685 5043 313.012
  70 0.695 6722 300.329
  71 0.705 4249.7 834.706
  72 0.715 3579 331.236
  73 0.725 3710.2 304.077
  74 0.735 3769 304.087
  75 0.745 4527.9 277600
  76 0.755 5722.1 420200
  77 0.765 5520.7 72835.1
  78 0.775 6246.4 297.16
  79 0.785 5107.4 78553.7
  80 0.795 6660.6 60310.8
  81 0.805 5043.9 301.7
  82 0.815 6723.1 296.719
  83 0.825 5043.9 295.795
  84 0.835 6723.1 300.203
  85 0.845 3680 305.792
  86 0.855 3670 296.945
  87 0.865 3681.3 291.822
  88 0.875 3647.2 303.324
  89 0.885 5280.5 299.344
  90 0.895 5596 304.936
  91 0.905 5906.4 302.186
  92 0.915 5860.6 300.243
  93 0.925 5244.2 300.464
  94 0.935 6522.8 296.892
  95 0.945 5081 305.058
  96 0.955 6686 303.585
  97 0.965 5132.3 304.821
  98 0.975 6406.5 301.662
  99 0.985 3405.4 301.239
  100 0.995 3718.1 303.552
170 100 440002
  1 0.005 3722.9 301.237
  2 0.015 3450 302.157
  3 0.025 6411.8 300.234
  4 0.035 5075 296.495
  5 0.045 6704 299.143
  6 0.055 5063 300.819
  7 0.065 6568.1 295.852
  8 0.075 5198.9 298.651
  9 0.085 6084.4 36689.6
  10 0.095 5682.9 78208.9
  11 0.105 5700.5 39132.1
  12 0.115 5165.4 86020.2
  13 0.125 3661.5 60756.7
  14 0.135 3677.2 120688
  15 0.145 3673.1 60556.1
  16 0.155 3679.6 296.741
  17 0.165 6719.7 303.121
  18 0.175 5046 126891
  19 0.185 6718.9 95409.7
  20 0.195 5048.7 126866
  21 0.205 6669.9 32228.2
  22 0.215 5097.2 311.683
  23 0.225 6210.6 299.915
  24 0.235 5556.4 302.337
  25 0.245 5725.7 299.876
  26 0.255 4510 298.039
  27 0.265 3797.3 303.634
  28 0.275 3700.7 301.65
  29 0.285 3576.6 2109.86
  30 0.295 4250.2 305.969
  31 0.305 6718.7 157873
  32 0.315 5043.3 315160
  33 0.325 6724.1 236459
  34 0.335 5043.4 210211
  35 0.345 6714.6 295.483
  36 0.355 5052.4 305.993
  37 0.365 6569.7 300.301
  38 0.375 5197.3 757.397
  39 0.385 5559.4 305.155
  40 0.395 3952.8 300.426
  41 0.405 4833.2 732.041
  42 0.415 6221.9 538.623
  43 0.425 247.7 5711.23
  44 0.435 1 0
  45 0.445 0 0
  46 0.455 0.9 1.80935e+09
  47 0.465 1.8 9.28979e+08
  48 0.475 0.3 0
  49 0.485 0 0
  50 0.495 0 0
  51 0.505 0 0
  52 0.515 0 0
  53 0.525 0 0
  54 0.535 0 0
  55 0.545 0 0
  56 0.555 1 0
  57 0.565 1.1 45568.3
  58 0.575 246 28645.1
  59 0.585 6150 987.636
  60 0.595 4875.2 1073
  61 0.605 3965.1 402.963
  62 0.615 5522.6 313.223
  63 0.625 5256.1 169518
  64 0.635 6509.9 298.451
  65 0.645 5066.6 7514.23
  66 0.655 6701.5 20427.4
  67 0.665 5044.1 53727.1
  68 0.675 6723.2 20342.2
  69 0.685 5043.2 53749.4
  70 0.695 6723.2 40385.3
  71 0.705 4252.9 64192.2
  72 0.715 3578.6 329.407
  73 0.725 3716.2 304.198
  74 0.735 3781.3 303.631
  75 0.745 4571.1 12180.5
  76 0.755 5656.1 301.72
  77 0.765 5682.6 353018
  78 0.775 6085.4 329688
  79 0.785 5160.6 301.672
  80 0.795 6606.5 12432.6
  81 0.805 5049.1 95523.2
  82 0.815 6718.8 36066.1
  83 0.825 5044.9 296.41
  84 0.835 6722.1 300.457
  85 0.845 3682.4 304.888
  86 0.855 3667.6 296.905
  87 0.865 3682 291.827
  88 0.875 3652.4 303.021
  89 0.885 5311.9 299.598
  90 0.895 5558.7 304.284
  91 0.905 5972.3 301.58
  92 0.915 5794.7 300.91
  93 0.925 5276.9 300.121
  94 0.935 6490.1 296.581
  95 0.945 5091 304.476
  96 0.955 6676 303.982
  97 0.965 5138.5 304.913
  98 0.975 6399.5 302.344
  99 0.985 3405.9 301.68
  100 0.995 3718.4 302.733
180 100 440002
  1 0.005 3720.6 308.484
  2 0.015 3453.3 64492.8
  3 0.025 6409.5 34887.4
  4 0.035 5076.5 87634.3
  5 0.045 6702.4 33374.5
  6 0.055 5064.9 87836.9
  7 0.065 6546.1 34161.6
  8 0.075 5221.2 85190.2
  9 0.085 6031.3 302.236
  10 0.095 5735.7 298.729
  11 0.105 5667.1 296.404
  12 0.115 5191.9 307.001
  13 0.125 3668 301.611
  14 0.135 3676.7 295.745
  15 0.145 3673.6 171413
  16 0.155 3678.6 171362
  17 0.165 6720.1 125387
  18 0.175 5047 294.522
  19 0.185 6711.7 300.367
  20 0.195 5055.3 295.113
  21 0.205 6624.5 302.674
  22 0.215 5142.5 311.29
  23 0.225 6069.2 299.739
  24 0.235 5697.8 302.103
  25 0.245 5658.6 300.36
  26 0.255 4552.6 297.731
  27 0.265 3805.3 140034
  28 0.275 3712.5 430233
  29 0.285 3576.6 448368
  30 0.295 4253.6 375264
  31 0.305 6720.8 296.053
  32 0.315 5043 298.881
  33 0.325 6722.6 299.349
  34 0.335 5044.4 305.835
  35 0.345 6691.4 295.024
  36 0.355 5075.6 305.741
  37 0.365 6394.1 300.626
  38 0.375 5372.9 738.178
  39 0.385 5408.5 303.859
  40 0.395 4085.8 300.165
  41 0.405 4797.5 730.129
  42 0.415 6268.1 534.469
  43 0.425 255.1 5487.45
  44 0.435 1 0
  45 0.445 0 0
  46 0.455 0 0
  47 0.465 0.4 0
  48 0.475 1.8 1.42505e+09
  49 0.485 0.5 0
  50 0.495 0.3 0
  51 0.505 0 0
  52 0.515 0 0
  53 0.525 0 0
  54 0.535 0 0
  55 0.545 0 0
  56 0.555 1 0
  57 0.565 2 250625
  58 0.575 257.3 22949.6
  59 0.585 6186.8 904.361
  60 0.595 4838.5 1034.76
  61 0.605 4078.4 399.614
  62 0.615 5397 310.677
  63 0.625 5469 162929
  64 0.635 6297 298.16
  65 0.645 5098.7 7467.37
  66 0.655 6669.3 326.636
  67 0.665 5047 299.736
  68 0.675 6720 300.024
  69 0.685 5044.6 311.791
  70 0.695 6721.4 300.236
  71 0.705 4257.9 826.444
  72 0.715 3581.2 74411.3
  73 0.725 3722.9 35734.7
  74 0.735 3791.6 69880.3
  75 0.745 4599.6 69467.5
  76 0.755 5603.7 47383.6
  77 0.765 5841.1 22886.1
  78 0.775 5926.1 67968.1
  79 0.785 5238.4 536639
  80 0.795 6529.5 123152
  81 0.805 5055.5 302.855
  82 0.815 6711.8 36085.9
  83 0.825 5045.6 95376.6
  84 0.835 6722.1 12198.2
  85 0.845 3683.4 303.818
  86 0.855 3666.6 296.997
  87 0.865 3682.9 291.89
  88 0.875 3660.4 302.828
  89 0.885 5337.5 299.599
  90 0.895 5524.2 303.854
  91 0.905 6043.4 301.823
  92 0.915 5723.6 300.796
  93 0.925 5311.6 299.515
  94 0.935 6455.4 296.525
  95 0.945 5102.8 303.806
  96 0.955 6664.2 304.396
  97 0.965 5143.6 305.046
  98 0.975 6394.4 302.759
  99 0.985 3406.2 301.996
  100 0.995 3718.3 307.932
190 100 440002
  1 0.005 3719.9 59926.7
  2 0.015 3454.2 64493.9
  3 0.025 6405.5 301.453
  4 0.035 5080.9 298.498
  5 0.045 6700.1 298.951
  6 0.055 5066.9 300.622
  7 0.065 6509.5 296.685
  8 0.075 5257.5 298.767
  9 0.085 5977 302.746
  10 0.095 5790 298.954
  11 0.105 5634.9 296.263
  12 0.115 5216.3 120246
  13 0.125 3676.4 170384
  14 0.135 3676.4 227072
  15 0.145 3674 316.103
  16 0.155 3678 296.568
  17 0.165 6716.6 308.745
  18 0.175 5050.4 294.335
  19 0.185 6700.7 299.714
  20 0.195 5066.3 294.837
  21 0.205 6555.5 302.909
  22 0.215 5211.5 310.013
  23 0.225 5912.4 299.032
  24 0.235 5854.9 272621
  25 0.245 5601 284945
  26 0.255 4590.2 347605
  27 0.265 3808.7 139822
  28 0.275 3718.1 301.076
  29 0.285 3583.6 2105.17
  30 0.295 4255.7 309.38
  31 0.305 6721.6 296.357
  32 0.315 5043.8 299.895
  33 0.325 6716.8 299.202
  34 0.335 5050.2 306.072
  35 0.345 6641.5 294.554
  36 0.355 5125.5 305.436
  37 0.365 6120.9 300.675
  38 0.375 5646.1 716.295
  39 0.385 5282.1 302.762
  40 0.395 4198 300.45
  41 0.405 4765 724.459
  42 0.415 6304.4 525.493
  43 0.425 265.5 5214.87
  44 0.435 1 0
  45 0.445 0 0
  46 0.455 0 0
  47 0.465 0 0
  48 0.475 0.1 0
  49 0.485 1.6 1.48143e+09
  50 0.495 0.6 0
  51 0.505 0.5 0
  52 0.515 0.2 0
  53 0.525 0 0
  54 0.535 0 0
  55 0.545 0 0
  56 0.555 1 0
  57 0.565 2.2 237281
  58 0.575 267.7 22277.3
  59 0.585 6219.8 866.637
  60 0.595 4813.8 1034.76
  61 0.605 4158.2 394.647
  62 0.615 5298.3 313.033
  63 0.625 5779.9 154189
  64 0.635 5986.1 298.659
  65 0.645 5171.7 7366.01
  66 0.655 6596.3 325.778
  67 0.665 5057.7 299.739
  68 0.675 6709.3 300.334
  69 0.685 5047 311.715
  70 0.695 6719 300.172
  71 0.705 4263 821.814
  72 0.715 3584.8 356.892
  73 0.725 3728.2 304.245
  74 0.735 3815.6 303.459
  75 0.745 4612 12085.7
  76 0.755 5552.4 301.169
  77 0.765 6012.5 22230.8
  78 0.775 5754.7 23201.6
  79 0.785 5326.9 49781.6
  80 0.795 6440.9 290248
  81 0.805 5071.7 526868
  82 0.815 6696.3 39657.1
  83 0.825 5047.5 297.391
  84 0.835 6720 60111.9
  85 0.845 3685.2 109555
  86 0.855 3665.3 297.263
  87 0.865 3684.3 291.995
  88 0.875 3664.4 302.196
  89 0.885 5366.3 299.681
  90 0.895 5490 303.784
  91 0.905 6104.7 302.565
  92 0.915 5662.3 300.191
  93 0.925 5347.2 299.321
  94 0.935 6419.8 296.208
  95 0.945 5111.4 303.079
  96 0.955 6655.8 90261.9
  97 0.965 5149 43222.8
  98 0.975 6389.4 69475.5
  99 0.985 3409.3 65112.4
  100 0.995 3714.6 119274
200 100 440002
  1 0.005 3719.9 303.925
  2 0.015 3453.5 299.745
  3 0.025 6404.6 301.991
  4 0.035 5083.4 299.457
  5 0.045 6695.9 299.084
  6 0.055 5071.1 300.286
  7 0.065 6482 297.489
  8 0.075 5285 298.122
  9 0.085 5920 106521
  10 0.095 5847.6 107886
  11 0.105 5599.5 150040
  12 0.115 5247 310.592
  13 0.125 3680.8 299.319
  14 0.135 3676.1 296.972
  15 0.145 3674 315.736
  16 0.155 3678 296.249
  17 0.165 6713.4 309.311
  18 0.175 5053.6 294.385
  19 0.185 6686.2 299.155
  20 0.195 5081 209356
  21 0.205 6463.7 247056
  22 0.215 5303.8 200783
  23 0.225 5754.7 277450
  24 0.235 6012.6 302.118
  25 0.245 5545 300.927
  26 0.255 4618.8 298.262
  27 0.265 3814.3 305.577
  28 0.275 3725.3 300.891
  29 0.285 3594.9 2098.06
  30 0.295 4256.8 308.477
  31 0.305 6721.1 296.704
  32 0.315 5045.8 300.929
  33 0.325 6705.1 299.228
  34 0.335 5061.9 305.992
  35 0.345 6520.9 293.944
  36 0.355 5246.1 305.188
  37 0.365 5779.2 299.7
  38 0.375 5987.8 695.737
  39 0.385 5202 301.718
  40 0.395 4264.3 301.506
  41 0.405 4730.7 718.067
  42 0.415 6335.5 527.421
  43 0.425 282.5 4938.07
  44 0.435 1 0
  45 0.445 0 0
  46 0.455 0 0
  47 0.465 0 0
  48 0.475 0 0
  49 0.485 0.2 0
  50 0.495 1.2 6.58413e+08
  51 0.505 0.6 0
  52 0.515 0.3 0
  53 0.525 0.5 0
  54 0.535 0.2 0
  55 0.545 0 0
  56 0.555 1 0
  57 0.565 3 201695
  58 0.575 274.4 20182
  59 0.585 6250.4 847.566
  60 0.595 4792.4 1061.86
  61 0.605 4234.7 390.576
  62 0.615 5205.1 312.987
  63 0.625 6127 145476
  64 0.635 5639 299.024
  65 0.645 5317.9 7141.02
  66 0.655 6450.1 349.72
  67 0.665 5077.9 299.691
  68 0.675 6689.1 300.584
  69 0.685 5052.8 311.956
  70 0.695 6713.2 300.143
  71 0.705 4266.5 816.174
  72 0.715 3597.1 354.031
  73 0.725 3726.3 304.12
  74 0.735 3839 303.28
  75 0.745 4632 12034
  76 0.755 5495.1 301.224
  77 0.765 6169.2 300.971
  78 0.775 5597.8 301.275
  79 0.785 5446.4 302.988
  80 0.795 6320.6 306.348
  81 0.805 5094.2 303.866
  82 0.815 6673.5 422598
  83 0.825 5052.4 291635
  84 0.835 6715.2 18581.5
  85 0.845 3685.7 88791.7
  86 0.855 3666.8 179959
  87 0.865 3686.2 156806
  88 0.875 3668.6 189525
  89 0.885 5395.7 106221
  90 0.895 5454 105095
  91 0.905 6161 185836
  92 0.915 5606.3 102244
  93 0.925 5388.9 106356
  94 0.935 6378.3 89902.1
  95 0.945 5122.7 111870
  96 0.955 6644.4 43191.9
  97 0.965 5157.5 304.917
  98 0.975 6381.5 303.01
  99 0.985 3407.8 302.383
  100 0.995 3713.8 306.254
