# Chunk-averaged data for fix velocity_z and group all
# Timestep Number-of-chunks Total-count
# Chunk Coord1 Ncount vz
10 100 440002
  1 0.005 3728.9 19.9651
  2 0.015 3445.9 19.9523
  3 0.025 6426.1 20.0259
  4 0.035 5052.9 20.0214
  5 0.045 6724 20.0189
  6 0.055 5043 19.9793
  7 0.065 6715.5 20.0114
  8 0.075 5051.5 20.0066
  9 0.085 6654.1 20.0405
  10 0.095 5112.9 19.9238
  11 0.105 6225.7 20.0299
  12 0.115 4683.8 20.0257
  13 0.125 3620.5 19.9566
  14 0.135 3675 20.0759
  15 0.145 3681 19.9833
  16 0.155 3830.3 19.9838
  17 0.165 6562.7 19.9887
  18 0.175 5043 20.0164
  19 0.185 6724 20.045
  20 0.195 5043 20.031
  21 0.205 6724 19.982
  22 0.215 5043 19.962
  23 0.225 6724 19.9671
  24 0.235 5043 20.0178
  25 0.245 6653.6 19.9716
  26 0.255 3745.5 19.992
  27 0.265 3674.9 19.9968
  28 0.275 3676 19.9962
  29 0.285 3638.4 20.029
  30 0.295 5057.9 20.0347
  31 0.305 5832.7 19.9508
  32 0.315 5575 19.9975
  33 0.325 6192 20.0035
  34 0.335 5170.3 19.998
  35 0.345 6596.7 19.9959
  36 0.355 5066.1 19.9392
  37 0.365 6700.9 19.9551
  38 0.375 5053.2 20.012
  39 0.385 6583.6 20.0075
  40 0.395 3328.1 19.9655
  41 0.405 5204.1 19.9911
  42 0.415 5577.1 19.9622
  43 0.425 118.9 20.351
  44 0.435 0 0
  45 0.445 0 0
  46 0.455 0 0
  47 0.465 0 0
  48 0.475 0 0
  49 0.485 0 0
  50 0.495 0 0
  51 0.505 0 0
  52 0.515 0 0
  53 0.525 0 0
  54 0.535 0 0
  55 0.545 0 0
  56 0.555 0 0
  57 0.565 0 0
  58 0.575 111.8 -19.3488
  59 0.585 5543.9 -19.9988
  60 0.595 5244 -20.0358
  61 0.605 3273.5 -19.9327
  62 0.615 6586.6 -20.0106
  63 0.625 5047.2 -20.0792
  64 0.635 6713.4 -19.9842
  65 0.645 5053.6 -19.9817
  66 0.655 6638.5 -19.9694
  67 0.665 5128.5 -19.969
  68 0.675 6318.1 -20.0327
  69 0.685 5448.9 -20.0134
  70 0.695 5844.1 -19.9949
  71 0.705 5047.5 -20.0174
  72 0.715 3638.4 -20.0504
  73 0.725 3676 -20.0698
  74 0.735 3678.3 -20.0254
  75 0.745 3738 -19.9749
  76 0.755 6656.7 -19.9751
  77 0.765 5043 -19.9861
  78 0.775 6724 -20.0411
  79 0.785 5043 -19.9439
  80 0.795 6724 -19.9973
  81 0.805 5043 -20.0106
  82 0.815 6724 -20.0241
  83 0.825 5043 -19.9931
  84 0.835 6592 -20.0048
  85 0.845 3800.4 -20.018
  86 0.855 3680.6 -19.9669
  87 0.865 3676 -19.9855
  88 0.875 3623.1 -19.978
  89 0.885 4778.6 -19.9482
  90 0.895 6128.3 -20.01
  91 0.905 5137.6 -19.9795
  92 0.915 6629.4 -19.9434
  93 0.925 5054.5 -19.9552
  94 0.935 6712.5 -19.9783
  95 0.945 5048.1 -20.0145
  96 0.955 6718.9 -19.999
  97 0.965 5088.8 -20
  98 0.975 6448.8 -20.0075
  99 0.985 3392.6 -19.9322
  100 0.995 3738 -20.0295
20 100 440002
  1 0.005 3723.4 19.9615
  2 0.015 3449.8 19.9525
  3 0.025 6424 20.0239
  4 0.035 5055 20.0249
  5 0.045 6724 20.0184
  6 0.055 5043 19.9774
  7 0.065 6711.7 20.0114
  8 0.075 5055.3 20.0063
  9 0.085 6636.7 20.0397
  10 0.095 5130.3 19.9263
  11 0.105 6195.7 20.0323
  12 0.115 4710.5 20.0237
  13 0.125 3623.8 19.9581
  14 0.135 3675 20.0761
  15 0.145 3680 19.9851
  16 0.155 3807.5 19.9788
  17 0.165 6586.5 19.9901
  18 0.175 5043 20.0153
  19 0.185 6724 20.0439
  20 0.195 5043 20.0335
  21 0.205 6724 19.9824
  22 0.215 5043 19.9592
  23 0.225 6724 19.9682
  24 0.235 5043 20.0164
  25 0.245 6628.1 19.9731
  26 0.255 3768.9 19.9862
  27 0.265 3677 19.9997
  28 0.275 3676 19.9941
  29 0.285 3632 20.0268
  30 0.295 4980.8 20.0339
  31 0.305 5916.2 19.9534
  32 0.315 5396 19.9982
  33 0.325 6371 20.003
  34 0.335 5088.3 19.9963
  35 0.345 6678.7 19.9966
  36 0.355 5050 19.9413
  37 0.365 6717 19.9529
  38 0.375 5046 20.0128
  39 0.385 6582.5 20.0067
  40 0.395 3304.6 19.9734
  41 0.405 5191 19.9937
  42 0.415 5615.2 19.9552
  43 0.425 125.7 20.1237
  44 0.435 0 0
  45 0.445 0 0
  46 0.455 0 0
  47 0.465 0 0
  48 0.475 0 0
  49 0.485 0 0
  50 0.495 0 0
  51 0.505 0 0
  52 0.515 0 0
  53 0.525 0 0
  54 0.535 0 0
  55 0.545 0 0
  56 0.555 0 0
  57 0.565 0 0
  58 0.575 119.1 -20.079
  59 0.585 5579.6 -20.0045
  60 0.595 5235.2 -20.0176
  61 0.605 3247.9 -19.9309
  62 0.615 6581 -20.0083
  63 0.625 5044.2 -20.0809
  64 0.635 6723.1 -19.9826
  65 0.645 5043.9 -19.9829
  66 0.655 6695.5 -19.9714
  67 0.665 5071.5 -19.9668
  68 0.675 6484.4 -20.0267
  69 0.685 5282.6 -20.0187
  70 0.695 5945.9 -19.992
  71 0.705 4951.9 -20.0204
  72 0.715 3632.2 -20.0485
  73 0.725 3676 -20.0708
  74 0.735 3682.3 -20.0253
  75 0.745 3763.3 -19.9729
  76 0.755 6627.4 -19.979
  77 0.765 5043 -19.9831
  78 0.775 6724 -20.0428
  79 0.785 5043 -19.9418
  80 0.795 6724 -19.9976
  81 0.805 5043 -20.0088
  82 0.815 6724 -20.0259
  83 0.825 5043 -19.9915
  84 0.835 6615.8 -20.0039
  85 0.845 3779.4 -20.024
  86 0.855 3678.4 -19.9638
  87 0.865 3675.4 -19.9836
  88 0.875 3625 -19.9828
  89 0.885 4811.2 -19.9528
  90 0.895 6093.8 -20.0077
  91 0.905 5158.6 -19.9759
  92 0.915 6608.4 -19.946
  93 0.925 5060.2 -19.9538
  94 0.935 6706.8 -19.979
  95 0.945 5049.7 -20.016
  96 0.955 6717.3 -20.0003
  97 0.965 5091.6 -19.9972
  98 0.975 6446.4 -20.0082
  99 0.985 3392.8 -19.9293
  100 0.995 3739 -20.021
30 100 440002
  1 0.005 3720.9 19.9497
  2 0.015 3448.6 19.9491
  3 0.025 6425.2 20.0223
  4 0.035 5055.2 20.0287
  5 0.045 6724 20.0176
  6 0.055 5043 19.9755
  7 0.065 6710.2 20.0126
  8 0.075 5056.8 20.0047
  9 0.085 6614.6 20.0392
  10 0.095 5152.4 19.9283
  11 0.105 6159.7 20.0331
  12 0.115 4743.7 20.0237
  13 0.125 3626.6 19.9597
  14 0.135 3675 20.0759
  15 0.145 3679 19.9874
  16 0.155 3792.2 19.976
  17 0.165 6602.8 19.9902
  18 0.175 5043 20.014
  19 0.185 6724 20.0428
  20 0.195 5043 20.036
  21 0.205 6724 19.9827
  22 0.215 5043 19.9567
  23 0.225 6724 19.9694
  24 0.235 5043 20.0149
  25 0.245 6602.6 19.9739
  26 0.255 3791.9 19.982
  27 0.265 3679.5 20.0019
  28 0.275 3676 19.9921
  29 0.285 3627.1 20.0267
  30 0.295 4884.2 20.0347
  31 0.305 6017.7 19.9537
  32 0.315 5241.8 19.9929
  33 0.325 6525.2 20.0072
  34 0.335 5053.2 19.9972
  35 0.345 6713.8 19.9956
  36 0.355 5044.5 19.9423
  37 0.365 6722.5 19.9516
  38 0.375 5043.1 20.0129
  39 0.385 6578.1 20.0089
  40 0.395 3278.7 19.9697
  41 0.405 5180.3 19.8848
  42 0.415 5652.8 20.0729
  43 0.425 132 20.2646
  44 0.435 0 0
  45 0.445 0 0
  46 0.455 0 0
  47 0.465 0 0
  48 0.475 0 0
  49 0.485 0 0
  50 0.495 0 0
  51 0.505 0 0
  52 0.515 0 0
  53 0.525 0 0
  54 0.535 0 0
  55 0.545 0 0
  56 0.555 0 0
  57 0.565 0 0
  58 0.575 127.2 -22.9018
  59 0.585 5624.6 -19.9948
  60 0.595 5202.3 -19.967
  61 0.605 3232.4 -19.9342
  62 0.615 6577.3 -20.0053
  63 0.625 5043.2 -20.0832
  64 0.635 6724 -19.9814
  65 0.645 5043 -19.9841
  66 0.655 6717.7 -19.9705
  67 0.665 5049.3 -19.9682
  68 0.675 6596.7 -20.0241
  69 0.685 5170.3 -20.0205
  70 0.695 6032.8 -19.994
  71 0.705 4870.2 -20.0204
  72 0.715 3627 -20.0434
  73 0.725 3676 -20.0714
  74 0.735 3685.2 -20.026
  75 0.745 3790.5 -19.9688
  76 0.755 6597.3 -19.9838
  77 0.765 5043 -19.9802
  78 0.775 6724 -20.0442
  79 0.785 5043 -19.94
  80 0.795 6724 -19.9977
  81 0.805 5043 -20.007
  82 0.815 6724 -20.0277
  83 0.825 5043 -19.9902
  84 0.835 6639.2 -20.0042
  85 0.845 3757.1 -20.0293
  86 0.855 3677.7 -19.9595
  87 0.865 3675 -19.9816
  88 0.875 3626.4 -19.9862
  89 0.885 4840.1 -19.9576
  90 0.895 6063.5 -20.006
  91 0.905 5187.4 -19.9745
  92 0.915 6579.6 -19.9469
  93 0.925 5063 -19.9522
  94 0.935 6704 -19.9798
  95 0.945 5050.1 -20.0172
  96 0.955 6716.9 -20.002
  97 0.965 5096.4 -19.9959
  98 0.975 6441.6 -20.0071
  99 0.985 3392.9 -19.927
  100 0.995 3741.2 -20.0185
40 100 440002
  1 0.005 3719.6 19.9384
  2 0.015 3449.5 19.9476
  3 0.025 6426 20.0223
  4 0.035 5056 20.0316
  5 0.045 6724 20.0167
  6 0.055 5043 19.9736
  7 0.065 6708.3 20.0136
  8 0.075 5058.7 20.0031
  9 0.085 6600.8 20.0402
  10 0.095 5166.2 19.9285
  11 0.105 6116.1 20.0297
  12 0.115 4786.9 20.0291
  13 0.125 3627 19.9611
  14 0.135 3675 20.0755
  15 0.145 3677.8 19.9891
  16 0.155 3775.1 19.9709
  17 0.165 6621.1 19.992
  18 0.175 5043 20.0126
  19 0.185 6724 20.0418
  20 0.195 5043 20.0383
  21 0.205 6724 19.9829
  22 0.215 5043 19.9545
  23 0.225 6723.8 19.9703
  24 0.235 5043.2 20.0134
  25 0.245 6569.7 19.9754
  26 0.255 3822 19.9764
  27 0.265 3682.3 20.0043
  28 0.275 3675.2 19.9895
  29 0.285 3623.9 20.0259
  30 0.295 4788.1 20.0304
  31 0.305 6117.8 19.9592
  32 0.315 5149.6 19.9912
  33 0.325 6617.4 20.008
  34 0.335 5045.1 19.9975
  35 0.345 6721.9 19.9953
  36 0.355 5043 19.9432
  37 0.365 6724 19.9502
  38 0.375 5043 20.0127
  39 0.385 6568.2 20.0094
  40 0.395 3257.2 19.9729
  41 0.405 5165.8 19.8438
  42 0.415 5692.1 20.0507
  43 0.425 138.7 22.6283
  44 0.435 0 0
  45 0.445 0 0
  46 0.455 0 0
  47 0.465 0 0
  48 0.475 0 0
  49 0.485 0 0
  50 0.495 0 0
  51 0.505 0 0
  52 0.515 0 0
  53 0.525 0 0
  54 0.535 0 0
  55 0.545 0 0
  56 0.555 0 0
  57 0.565 0.4 -7268.33
  58 0.575 134.7 -42.3193
  59 0.585 5659.8 -19.8305
  60 0.595 5180.2 -19.2021
  61 0.605 3219.1 -19.7993
  62 0.615 6569.8 -20.001
  63 0.625 5043 -20.0848
  64 0.635 6724 -19.9804
  65 0.645 5043 -19.9851
  66 0.655 6721.1 -19.9707
  67 0.665 5045.9 -19.9681
  68 0.675 6656.7 -20.024
  69 0.685 5110.3 -20.0189
  70 0.695 6133.8 -19.9982
  71 0.705 4773.8 -20.0197
  72 0.715 3622.4 -20.0366
  73 0.725 3676 -20.0716
  74 0.735 3686 -20.0262
  75 0.745 3831 -19.9695
  76 0.755 6556 -19.9865
  77 0.765 5043 -19.9773
  78 0.775 6724 -20.0453
  79 0.785 5043 -19.9386
  80 0.795 6724 -19.9977
  81 0.805 5043 -20.0054
  82 0.815 6724 -20.0295
  83 0.825 5043 -19.9889
  84 0.835 6657.1 -20.0033
  85 0.845 3740.9 -20.0371
  86 0.855 3676 -19.9545
  87 0.865 3675 -19.9795
  88 0.875 3628.3 -19.9901
  89 0.885 4870.6 -19.9592
  90 0.895 6031.1 -20.0067
  91 0.905 5227.3 -19.9761
  92 0.915 6539.7 -19.9453
  93 0.925 5066.5 -19.9497
  94 0.935 6700.5 -19.9813
  95 0.945 5051.4 -20.0194
  96 0.955 6715.6 -20.0028
  97 0.965 5099.9 -19.9933
  98 0.975 6437 -20.0073
  99 0.985 3395.1 -19.9215
  100 0.995 3738.9 -20.0106
50 100 440002
  1 0.005 3718.6 19.9354
  2 0.015 3452.8 19.9442
  3 0.025 6424.1 20.0208
  4 0.035 5055.9 20.0355
  5 0.045 6724 20.0156
  6 0.055 5043 19.9717
  7 0.065 6706.8 20.0147
  8 0.075 5060.2 20.0017
  9 0.085 6579.6 20.0391
  10 0.095 5187.4 19.9315
  11 0.105 6087.9 20.0296
  12 0.115 4813.3 20.0283
  13 0.125 3628.8 19.9646
  14 0.135 3675 20.0749
  15 0.145 3676.5 19.9909
  16 0.155 3751.6 19.9643
  17 0.165 6645.9 19.995
  18 0.175 5043 20.0111
  19 0.185 6724 20.0408
  20 0.195 5043 20.0404
  21 0.205 6724 19.9829
  22 0.215 5043 19.9528
  23 0.225 6723 19.9711
  24 0.235 5044 20.012
  25 0.245 6531.7 19.9775
  26 0.255 3855.7 19.9698
  27 0.265 3686.6 20.0068
  28 0.275 3675 19.9874
  29 0.285 3619.6 20.0302
  30 0.295 4694.8 20.0238
  31 0.305 6215.6 19.9631
  32 0.315 5088.8 19.9909
  33 0.325 6678.2 20.0074
  34 0.335 5043 19.9969
  35 0.345 6724 19.9958
  36 0.355 5043 19.9447
  37 0.365 6724 19.9484
  38 0.375 5043 20.0123
  39 0.385 6559.3 20.011
  40 0.395 3235.8 19.9665
  41 0.405 5138.9 19.8218
  42 0.415 5746.3 20.0576
  43 0.425 141.7 23.5681
  44 0.435 0 0
  45 0.445 0 0
  46 0.455 0 0
  47 0.465 0 0
  48 0.475 0 0
  49 0.485 0 0
  50 0.495 0 0
  51 0.505 0 0
  52 0.515 0 0
  53 0.525 0 0
  54 0.535 0.3 -7268.33
  55 0.545 0.4 -7268.33
  56 0.555 0.3 -7268.33
  57 0.565 0 0
  58 0.575 142.1 -24.9669
  59 0.585 5696.5 -20.0579
  60 0.595 5171.7 -19.784
  61 0.605 3190.2 -18.7064
  62 0.615 6562.5 -19.5648
  63 0.625 5043 -20.0862
  64 0.635 6724 -19.9795
  65 0.645 5043 -19.9863
  66 0.655 6723.8 -19.9708
  67 0.665 5043.2 -19.968
  68 0.675 6693.9 -20.0242
  69 0.685 5073.1 -20.0168
  70 0.695 6224.5 -20.0035
  71 0.705 4688.2 -20.0173
  72 0.715 3617.3 -20.0305
  73 0.725 3676.8 -20.0719
  74 0.735 3688 -20.027
  75 0.745 3872 -19.9671
  76 0.755 6512.2 -19.9905
  77 0.765 5043 -19.9746
  78 0.775 6724 -20.0462
  79 0.785 5043 -19.9375
  80 0.795 6724 -19.9975
  81 0.805 5043 -20.0038
  82 0.815 6724 -20.0312
  83 0.825 5043 -19.9878
  84 0.835 6670.6 -20.0018
  85 0.845 3728.7 -20.0457
  86 0.855 3674.7 -19.9496
  87 0.865 3675 -19.9773
  88 0.875 3629.9 -19.9928
  89 0.885 4909.4 -19.9618
  90 0.895 5990.7 -20.0074
  91 0.905 5267.7 -19.9771
  92 0.915 6499.3 -19.9441
  93 0.925 5070.4 -19.9473
  94 0.935 6696.6 -19.9827
  95 0.945 5052.6 -20.0211
  96 0.955 6714.4 -20.0041
  97 0.965 5104.2 -19.9901
  98 0.975 6431.9 -20.0078
  99 0.985 3398.5 -19.9216
  100 0.995 3736 -19.9882
60 100 440002
  1 0.005 3717.7 19.9227
  2 0.015 3454.3 19.9421
  3 0.025 6422.4 20.0197
  4 0.035 5057.2 20.0382
  5 0.045 6724 20.0145
  6 0.055 5043 19.9699
  7 0.065 6706.1 20.0153
  8 0.075 5060.9 20.001
  9 0.085 6551.1 20.0393
  10 0.095 5215.9 19.933
  11 0.105 6060.3 20.0294
  12 0.115 4837.5 20.0261
  13 0.125 3632.2 19.97
  14 0.135 3675 20.0742
  15 0.145 3676 19.9929
  16 0.155 3731.3 19.9569
  17 0.165 6666.7 19.9984
  18 0.175 5043 20.0094
  19 0.185 6724 20.0399
  20 0.195 5043 20.0424
  21 0.205 6724 19.9828
  22 0.215 5043 19.9516
  23 0.225 6722.6 19.9721
  24 0.235 5044.4 20.01
  25 0.245 6489 19.9808
  26 0.255 3896 19.9623
  27 0.265 3689 20.0082
  28 0.275 3675 19.9856
  29 0.285 3614.1 20.0297
  30 0.295 4605.4 20.0229
  31 0.305 6310.5 19.9654
  32 0.315 5059.4 19.9915
  33 0.325 6707.6 20.0061
  34 0.335 5043 19.9965
  35 0.345 6724 19.9964
  36 0.355 5043 19.9461
  37 0.365 6724 19.9466
  38 0.375 5043 20.0119
  39 0.385 6544.7 20.0149
  40 0.395 3219.7 19.959
  41 0.405 5115.6 19.7998
  42 0.415 5793 20.1138
  43 0.425 149 22.5677
  44 0.435 0 0
  45 0.445 0 0
  46 0.455 0 0
  47 0.465 0 0
  48 0.475 0 0
  49 0.485 0 0
  50 0.495 0 0
  51 0.505 0.3 -7268.33
  52 0.515 0.4 -7268.33
  53 0.525 0.3 -7268.33
  54 0.535 0 0
  55 0.545 0 0
  56 0.555 0 0
  57 0.565 0 0
  58 0.575 148.6 -25.4112
  59 0.585 5738.1 -20.0701
  60 0.595 5152.1 -19.9043
  61 0.605 3176.1 -19.8624
  62 0.615 6547.1 -19.5854
  63 0.625 5043.5 -19.6207
  64 0.635 6724.5 -19.6355
  65 0.645 5043 -19.9876
  66 0.655 6724 -19.9704
  67 0.665 5043 -19.9683
  68 0.675 6715.5 -20.024
  69 0.685 5051.5 -20.0152
  70 0.695 6322.2 -20.0073
  71 0.705 4596.9 -20.0152
  72 0.715 3610.9 -20.0272
  73 0.725 3678 -20.0701
  74 0.735 3692.1 -20.0293
  75 0.745 3922.4 -19.9719
  76 0.755 6456.5 -19.9905
  77 0.765 5043 -19.9721
  78 0.775 6724 -20.0468
  79 0.785 5043 -19.9367
  80 0.795 6724 -19.9971
  81 0.805 5043 -20.0023
  82 0.815 6724 -20.033
  83 0.825 5043 -19.9868
  84 0.835 6686 -20.0027
  85 0.845 3714 -20.0505
  86 0.855 3674 -19.9442
  87 0.865 3675.9 -19.9754
  88 0.875 3630.5 -19.9947
  89 0.885 4943.4 -19.9685
  90 0.895 5955.2 -20.0049
  91 0.905 5303.7 -19.9748
  92 0.915 6463.3 -19.9457
  93 0.925 5075.2 -19.945
  94 0.935 6691.8 -19.9842
  95 0.945 5053.9 -20.0219
  96 0.955 6713.1 -20.0059
  97 0.965 5105.6 -19.9871
  98 0.975 6430 -20.0073
  99 0.985 3402.5 -19.9215
  100 0.995 3732.3 -19.991
70 100 440002
  1 0.005 3719.9 19.9287
  2 0.015 3452.2 19.9396
  3 0.025 6421.9 20.0177
  4 0.035 5058 20.0409
  5 0.045 6724 20.0133
  6 0.055 5043 19.9679
  7 0.065 6700.2 20.0156
  8 0.075 5066.8 20.0007
  9 0.085 6519.6 20.0385
  10 0.095 5247.4 19.9357
  11 0.105 6030.4 20.0289
  12 0.115 4863 20.0238
  13 0.125 3636.6 19.9756
  14 0.135 3675 20.0733
  15 0.145 3676 19.9945
  16 0.155 3716.7 19.9523
  17 0.165 6681.3 20.0007
  18 0.175 5043 20.0077
  19 0.185 6724 20.039
  20 0.195 5043 20.0441
  21 0.205 6724 19.9825
  22 0.215 5043 19.9509
  23 0.225 6721.6 19.9731
  24 0.235 5045.4 20.0077
  25 0.245 6434.9 19.9828
  26 0.255 3944.6 19.9576
  27 0.265 3694.2 20.0093
  28 0.275 3675.3 19.9839
  29 0.285 3608.9 20.0307
  30 0.295 4515.2 20.0256
  31 0.305 6405.9 19.9645
  32 0.315 5048.1 19.9899
  33 0.325 6718.9 20.0061
  34 0.335 5043 19.996
  35 0.345 6724 19.9972
  36 0.355 5043 19.9476
  37 0.365 6724 19.9447
  38 0.375 5043 20.0115
  39 0.385 6529.3 20.0183
  40 0.395 3202.8 19.9508
  41 0.405 5092 19.7625
  42 0.415 5840.9 20.1589
  43 0.425 157 22.5337
  44 0.435 0 0
  45 0.445 0 0
  46 0.455 0 0
  47 0.465 0 0
  48 0.475 0.3 -7268.33
  49 0.485 0.4 -7268.33
  50 0.495 0.3 -7268.33
  51 0.505 0 0
  52 0.515 0 0
  53 0.525 0 0
  54 0.535 0 0
  55 0.545 0 0
  56 0.555 0 0
  57 0.565 0 0
  58 0.575 158.2 -26.9748
  59 0.585 5775.6 -20.0937
  60 0.595 5127.4 -19.824
  61 0.605 3173.3 -19.9568
  62 0.615 6526.5 -20.0001
  63 0.625 5043.8 -19.6085
  64 0.635 6724 -19.8647
  65 0.645 5043.9 -19.4437
  66 0.655 6724.3 -19.7974
  67 0.665 5043 -19.9685
  68 0.675 6722.3 -20.0255
  69 0.685 5044.7 -20.0111
  70 0.695 6397.2 -20.0089
  71 0.705 4526.6 -20.0165
  72 0.715 3606.2 -20.0241
  73 0.725 3680 -20.0683
  74 0.735 3697.1 -20.0312
  75 0.745 3973.6 -19.974
  76 0.755 6398.3 -19.9923
  77 0.765 5043 -19.9698
  78 0.775 6724 -20.0472
  79 0.785 5043 -19.9363
  80 0.795 6724 -19.9966
  81 0.805 5043 -20.0009
  82 0.815 6724 -20.0346
  83 0.825 5043 -19.986
  84 0.835 6694.2 -20.0016
  85 0.845 3706.6 -20.0594
  86 0.855 3673.2 -19.9381
  87 0.865 3676 -19.9728
  88 0.875 3631.9 -19.9976
  89 0.885 4980.9 -19.9757
  90 0.895 5916.2 -20.0016
  91 0.905 5345.5 -19.9736
  92 0.915 6421.5 -19.9463
  93 0.925 5089.5 -19.9463
  94 0.935 6677.5 -19.983
  95 0.945 5053.7 -20.0238
  96 0.955 6713.3 -20.0068
  97 0.965 5107.1 -19.9842
  98 0.975 6427.9 -20.0062
  99 0.985 3404.1 -19.9195
  100 0.995 3730.9 -19.9796
80 100 440002
  1 0.005 3717.3 19.9159
  2 0.015 3456.3 19.9364
  3 0.025 6420.4 20.0154
  4 0.035 5058.8 20.0439
  5 0.045 6724 20.0122
  6 0.055 5043 19.966
  7 0.065 6697 20.0175
  8 0.075 5070 19.9982
  9 0.085 6483.9 20.0384
  10 0.095 5283.1 19.9377
  11 0.105 5994.3 20.0316
  12 0.115 4897.8 20.0195
  13 0.125 3637.9 19.9783
  14 0.135 3675 20.0723
  15 0.145 3676 19.996
  16 0.155 3706.7 19.949
  17 0.165 6691.3 20.0027
  18 0.175 5043 20.0059
  19 0.185 6724 20.0381
  20 0.195 5043 20.0455
  21 0.205 6724 19.9821
  22 0.215 5043 19.9506
  23 0.225 6718.7 19.974
  24 0.235 5048.3 20.0053
  25 0.245 6379.5 19.9826
  26 0.255 3988.9 19.9569
  27 0.265 3703.8 20.0092
  28 0.275 3676.8 19.983
  29 0.285 3602.1 20.0322
  30 0.295 4449.1 20.0253
  31 0.305 6478.8 19.9655
  32 0.315 5043.3 19.9861
  33 0.325 6723.7 20.0075
  34 0.335 5043 19.9955
  35 0.345 6724 19.9981
  36 0.355 5043 19.9491
  37 0.365 6724 19.9427
  38 0.375 5043 20.011
  39 0.385 6500.5 20.023
  40 0.395 3207.6 19.9374
  41 0.405 5073.8 19.7672
  42 0.415 5872.6 20.1719
  43 0.425 167.5 22.1485
  44 0.435 0 0
  45 0.445 0.3 -7268.33
  46 0.455 0.3 -7268.33
  47 0.465 0.4 -7268.33
  48 0.475 0 0
  49 0.485 0 0
  50 0.495 0 0
  51 0.505 0 0
  52 0.515 0 0
  53 0.525 0 0
  54 0.535 0 0
  55 0.545 0 0
  56 0.555 0 0
  57 0.565 0 0
  58 0.575 169.5 -27.2419
  59 0.585 5810.3 -20.1499
  60 0.595 5106.3 -19.7448
  61 0.605 3179 -19.9555
  62 0.615 6495.9 -20.0013
  63 0.625 5043 -20.0787
  64 0.635 6723.6 -19.7139
  65 0.645 5044.4 -19.7184
  66 0.655 6724.3 -19.7968
  67 0.665 5043.7 -19.4396
  68 0.675 6724 -20.0265
  69 0.685 5043 -20.0074
  70 0.695 6465.1 -20.013
  71 0.705 4465 -20.0153
  72 0.715 3599.9 -20.0203
  73 0.725 3683.1 -20.0669
  74 0.735 3700.1 -20.0328
  75 0.745 4038.4 -19.9783
  76 0.755 6327.4 -19.9923
  77 0.765 5046.3 -19.9685
  78 0.775 6720.7 -20.0468
  79 0.785 5043 -19.9362
  80 0.795 6724 -19.9959
  81 0.805 5043 -19.9996
  82 0.815 6724 -20.0362
  83 0.825 5043 -19.9854
  84 0.835 6702.6 -20.0002
  85 0.845 3698.4 -20.0687
  86 0.855 3673 -19.932
  87 0.865 3676 -19.9701
  88 0.875 3634.8 -20.0013
  89 0.885 5011.7 -19.9809
  90 0.895 5882.5 -19.9994
  91 0.905 5393.5 -19.9739
  92 0.915 6373.5 -19.9457
  93 0.925 5096.7 -19.9443
  94 0.935 6670.3 -19.9843
  95 0.945 5054 -20.0251
  96 0.955 6713 -20.0079
  97 0.965 5111.4 -19.9834
  98 0.975 6423.1 -20.003
  99 0.985 3404.6 -19.9208
  100 0.995 3730.1 -19.9693
90 100 440002
  1 0.005 3717.8 19.9161
  2 0.015 3456.4 19.9332
  3 0.025 6420.9 20.0117
  4 0.035 5059.1 20.0472
  5 0.045 6724 20.0111
  6 0.055 5043 19.9641
  7 0.065 6692.3 20.0197
  8 0.075 5074.7 19.9956
  9 0.085 6444.4 20.0407
  10 0.095 5322.6 19.9368
  11 0.105 5964 20.031
  12 0.115 4927.4 20.019
  13 0.125 3638.4 19.9805
  14 0.135 3675.2 20.0714
  15 0.145 3676 19.9974
  16 0.155 3702.1 19.9472
  17 0.165 6695.9 20.0042
  18 0.175 5043 20.0041
  19 0.185 6724 20.0373
  20 0.195 5043 20.0467
  21 0.205 6724 19.9815
  22 0.215 5043 19.9509
  23 0.225 6713.5 19.9745
  24 0.235 5053.5 20.0032
  25 0.245 6302.5 19.9839
  26 0.255 4051.8 19.957
  27 0.265 3717 20.0063
  28 0.275 3677.7 19.9823
  29 0.285 3598.9 20.0313
  30 0.295 4399 20.0268
  31 0.305 6532.1 19.9666
  32 0.315 5043 19.9828
  33 0.325 6724 20.0084
  34 0.335 5043 19.9949
  35 0.345 6724 19.9992
  36 0.355 5043 19.9506
  37 0.365 6724 19.9408
  38 0.375 5043 20.0105
  39 0.385 6465.6 20.022
  40 0.395 3220.7 19.9348
  41 0.405 5038.8 19.7842
  42 0.415 5922.6 19.7742
  43 0.425 174.9 10.0879
  44 0.435 0.4 -7268.33
  45 0.445 0 0
  46 0.455 0 0
  47 0.465 0 0
  48 0.475 0 0
  49 0.485 0 0
  50 0.495 0 0
  51 0.505 0 0
  52 0.515 0 0
  53 0.525 0 0
  54 0.535 0 0
  55 0.545 0 0
  56 0.555 0 0
  57 0.565 0 0
  58 0.575 176.2 -27.7459
  59 0.585 5846 -20.1789
  60 0.595 5089.4 -19.6877
  61 0.605 3194 -19.9608
  62 0.615 6455.4 -19.999
  63 0.625 5043 -20.0788
  64 0.635 6723 -19.9753
  65 0.645 5044.5 -19.6638
  66 0.655 6724.5 -19.7539
  67 0.665 5043 -19.9689
  68 0.675 6724.6 -19.688
  69 0.685 5043.4 -19.7036
  70 0.695 6533.6 -20.0169
  71 0.705 4405.3 -20.0157
  72 0.715 3592 -20.017
  73 0.725 3683.9 -20.0626
  74 0.735 3706.9 -20.0355
  75 0.745 4111.5 -19.9781
  76 0.755 6245.8 -19.9957
  77 0.765 5051.9 -19.9665
  78 0.775 6715.1 -20.0469
  79 0.785 5043 -19.9363
  80 0.795 6724 -19.9952
  81 0.805 5043 -19.9985
  82 0.815 6724 -20.0376
  83 0.825 5043 -19.9849
  84 0.835 6707.3 -19.9995
  85 0.845 3693.7 -20.0765
  86 0.855 3673 -19.926
  87 0.865 3676 -19.9671
  88 0.875 3636.1 -20.0047
  89 0.885 5037.6 -19.985
  90 0.895 5855.3 -19.9983
  91 0.905 5454.3 -19.9739
  92 0.915 6312.7 -19.9451
  93 0.925 5105.1 -19.9434
  94 0.935 6661.9 -19.985
  95 0.945 5057.6 -20.026
  96 0.955 6709.4 -20.0091
  97 0.965 5114.4 -19.9828
  98 0.975 6422 -19.9999
  99 0.985 3403.6 -19.9231
  100 0.995 3727.8 -19.968
100 100 440002
  1 0.005 3716.3 19.9211
  2 0.015 3456.2 19.9308
  3 0.025 6420.2 20.0081
  4 0.035 5060.4 20.0504
  5 0.045 6722.8 20.0101
  6 0.055 5044.2 19.962
  7 0.065 6686.1 20.021
  8 0.075 5080.9 19.9942
  9 0.085 6406.4 20.0416
  10 0.095 5360.6 19.9375
  11 0.105 5936 20.0312
  12 0.115 4953.5 20.0168
  13 0.125 3639.5 19.9829
  14 0.135 3676 20.0705
  15 0.145 3674.4 19.9992
  16 0.155 3695.3 19.9434
  17 0.165 6704.3 20.007
  18 0.175 5043 20.0022
  19 0.185 6724 20.0365
  20 0.195 5043 20.0476
  21 0.205 6724 19.9809
  22 0.215 5043 19.9516
  23 0.225 6701.4 19.9763
  24 0.235 5065.6 19.999
  25 0.245 6229.6 19.9855
  26 0.255 4110.2 19.9566
  27 0.265 3731 20.0034
  28 0.275 3678.2 19.9815
  29 0.285 3594.3 20.0285
  30 0.295 4362.8 20.0281
  31 0.305 6572.9 19.9689
  32 0.315 5043 19.9795
  33 0.325 6724 20.009
  34 0.335 5043 19.9943
  35 0.345 6724 20.0005
  36 0.355 5043 19.952
  37 0.365 6724 19.9389
  38 0.375 5043 20.0101
  39 0.385 6419.9 19.6784
  40 0.395 3245.3 19.2603
  41 0.405 5010.4 19.2017
  42 0.415 5965 20.1641
  43 0.425 182.4 21.7756
  44 0.435 0 0
  45 0.445 0 0
  46 0.455 0 0
  47 0.465 0 0
  48 0.475 0 0
  49 0.485 0 0
  50 0.495 0 0
  51 0.505 0 0
  52 0.515 0 0
  53 0.525 0 0
  54 0.535 0 0
  55 0.545 0 0
  56 0.555 0 0
  57 0.565 0.9 -368.915
  58 0.575 186.8 -26.144
  59 0.585 5884.6 -20.1865
  60 0.595 5058.3 -19.6539
  61 0.605 3229.5 -19.9637
  62 0.615 6400.9 -20.0005
  63 0.625 5043 -20.0785
  64 0.635 6723 -19.9753
  65 0.645 5044 -19.9496
  66 0.655 6724.3 -19.8397
  67 0.665 5043.7 -19.4672
  68 0.675 6724 -20.0266
  69 0.685 5043.3 -19.7755
  70 0.695 6593.1 -19.6713
  71 0.705 4352.5 -19.9353
  72 0.715 3586.1 -20.0154
  73 0.725 3687.2 -20.0632
  74 0.735 3717.1 -20.0386
  75 0.745 4176.3 -19.9772
  76 0.755 6167.4 -19.9967
  77 0.765 5061.1 -19.9644
  78 0.775 6705.9 -20.047
  79 0.785 5043 -19.9368
  80 0.795 6724 -19.9944
  81 0.805 5043 -19.9975
  82 0.815 6724 -20.0389
  83 0.825 5043 -19.9845
  84 0.835 6710.5 -19.9987
  85 0.845 3690.5 -20.0845
  86 0.855 3673 -19.9201
  87 0.865 3676 -19.9638
  88 0.875 3639.1 -20.0092
  89 0.885 5074.5 -19.9913
  90 0.895 5815.4 -19.9944
  91 0.905 5519.3 -19.9736
  92 0.915 6247.7 -19.9449
  93 0.925 5115.4 -19.9418
  94 0.935 6651.6 -19.9863
  95 0.945 5061.1 -20.0261
  96 0.955 6705.9 -20.0108
  97 0.965 5117.9 -19.9817
  98 0.975 6419.1 -19.9965
  99 0.985 3405.1 -19.9275
  100 0.995 3726.8 -19.9605
110 100 440002
  1 0.005 3718.2 19.9155
  2 0.015 3456.5 19.9305
  3 0.025 6418.3 20.0055
  4 0.035 5062.7 20.053
  5 0.045 6721.8 20.0094
  6 0.055 5045.2 19.9599
  7 0.065 6676.4 20.0225
  8 0.075 5090.6 19.9927
  9 0.085 6370.1 20.0431
  10 0.095 5396.9 19.9374
  11 0.105 5913.2 20.0315
  12 0.115 4974.5 20.0147
  13 0.125 3641.3 19.985
  14 0.135 3676 20.0692
  15 0.145 3673.8 20.0005
  16 0.155 3689.1 19.9415
  17 0.165 6711.1 20.0093
  18 0.175 5043 20.0003
  19 0.185 6724 20.0358
  20 0.195 5043 20.0483
  21 0.205 6724 19.9802
  22 0.215 5043 19.9529
  23 0.225 6679.9 19.9766
  24 0.235 5087.1 19.9966
  25 0.245 6158.8 19.987
  26 0.255 4170.2 19.9595
  27 0.265 3739.3 19.9977
  28 0.275 3680 19.9803
  29 0.285 3589.7 20.0257
  30 0.295 4328.1 20.031
  31 0.305 6612.9 19.9704
  32 0.315 5043 19.9761
  33 0.325 6724 20.0096
  34 0.335 5043 19.9937
  35 0.345 6724 20.0018
  36 0.355 5043.3 19.5123
  37 0.365 6724.3 19.6059
  38 0.375 5043.3 19.5682
  39 0.385 6353.6 19.9083
  40 0.395 3288.1 19.9314
  41 0.405 4988.9 19.7421
  42 0.415 6001.2 20.196
  43 0.425 190.3 21.8293
  44 0.435 0 0
  45 0.445 0 0
  46 0.455 0 0
  47 0.465 0 0
  48 0.475 0 0
  49 0.485 0 0
  50 0.495 0 0
  51 0.505 0 0
  52 0.515 0 0
  53 0.525 0 0
  54 0.535 0 0
  55 0.545 0 0
  56 0.555 0 0
  57 0.565 1 -368.915
  58 0.575 194.7 -26.9098
  59 0.585 5932 -20.1611
  60 0.595 5021.4 -19.6298
  61 0.605 3281.3 -19.9599
  62 0.615 6330.6 -20.0053
  63 0.625 5043 -20.0777
  64 0.635 6723 -19.9756
  65 0.645 5044 -19.9506
  66 0.655 6724 -19.9957
  67 0.665 5043 -19.9698
  68 0.675 6724.6 -19.7033
  69 0.685 5043.4 -19.7104
  70 0.695 6641 -20.0166
  71 0.705 4309.3 -19.4975
  72 0.715 3583.2 -19.5917
  73 0.725 3690.7 -20.0646
  74 0.735 3725.2 -20.0375
  75 0.745 4233.7 -19.978
  76 0.755 6096.9 -19.9985
  77 0.765 5081.2 -19.9635
  78 0.775 6685.8 -20.0465
  79 0.785 5043.7 -19.9381
  80 0.795 6723.3 -19.9931
  81 0.805 5043 -19.9966
  82 0.815 6724 -20.04
  83 0.825 5043 -19.9843
  84 0.835 6714.9 -19.9985
  85 0.845 3688.5 -20.0899
  86 0.855 3670.6 -19.9155
  87 0.865 3676.7 -19.9608
  88 0.875 3641.2 -20.0128
  89 0.885 5104.5 -19.996
  90 0.895 5782.6 -19.9921
  91 0.905 5581.6 -19.9738
  92 0.915 6185.4 -19.9441
  93 0.925 5135.2 -19.9441
  94 0.935 6631.8 -19.9849
  95 0.945 5062.8 -20.0256
  96 0.955 6704.2 -20.0125
  97 0.965 5120.2 -19.9814
  98 0.975 6417.5 -19.9926
  99 0.985 3404.8 -19.9333
  100 0.995 3723.8 -19.9496
120 100 440002
  1 0.005 3718.4 19.9084
  2 0.015 3454.3 19.9319
  3 0.025 6418.9 20.0022
  4 0.035 5063.5 20.0542
  5 0.045 6719.4 20.0084
  6 0.055 5047.6 19.9582
  7 0.065 6665.4 20.0226
  8 0.075 5101.6 19.993
  9 0.085 6337.8 20.0467
  10 0.095 5429.2 19.9347
  11 0.105 5891.1 20.0321
  12 0.115 4995.7 20.0124
  13 0.125 3641.2 19.9869
  14 0.135 3677 20.0672
  15 0.145 3673 20.0017
  16 0.155 3685.5 19.9422
  17 0.165 6715.5 20.0106
  18 0.175 5043 19.9985
  19 0.185 6724 20.0351
  20 0.195 5043 20.0486
  21 0.205 6723.5 19.9793
  22 0.215 5043.5 19.9547
  23 0.225 6646.4 19.974
  24 0.235 5120.6 19.9977
  25 0.245 6066.8 19.9922
  26 0.255 4247.4 19.9569
  27 0.265 3750.2 19.9962
  28 0.275 3682.6 19.9758
  29 0.285 3584 20.0231
  30 0.295 4300.9 20.036
  31 0.305 6647.1 19.9705
  32 0.315 5043 19.9727
  33 0.325 6724.3 19.6801
  34 0.335 5043.3 19.5534
  35 0.345 6724.3 19.6732
  36 0.355 5043.1 19.8071
  37 0.365 6723.5 19.9348
  38 0.375 5043.5 20.0094
  39 0.385 6263.3 20.0305
  40 0.395 3351.8 19.9254
  41 0.405 4975.9 19.433
  42 0.415 6031 19.9946
  43 0.425 200 35.8526
  44 0.435 0 0
  45 0.445 0 0
  46 0.455 0 0
  47 0.465 0 0
  48 0.475 0 0
  49 0.485 0 0
  50 0.495 0 0
  51 0.505 0 0
  52 0.515 0 0
  53 0.525 0 0
  54 0.535 0 0
  55 0.545 0 0
  56 0.555 0 0
  57 0.565 1 -368.915
  58 0.575 205.1 -29.0205
  59 0.585 5973.8 -20.1331
  60 0.595 4996 -19.5548
  61 0.605 3341.8 -19.9668
  62 0.615 6243.3 -20.0061
  63 0.625 5043 -20.0766
  64 0.635 6723 -19.976
  65 0.645 5044 -19.9514
  66 0.655 6724 -19.995
  67 0.665 5043 -19.9698
  68 0.675 6724 -20.027
  69 0.685 5043.3 -19.7794
  70 0.695 6669.8 -19.6382
  71 0.705 4286.6 -20.0282
  72 0.715 3577.7 -19.8072
  73 0.725 3700 -19.4409
  74 0.735 3730.8 -19.8292
  75 0.745 4297.3 -19.9813
  76 0.755 6018.5 -20.0007
  77 0.765 5119.3 -19.9632
  78 0.775 6647.7 -20.0457
  79 0.785 5047.7 -19.9393
  80 0.795 6719.3 -19.992
  81 0.805 5043 -19.9959
  82 0.815 6724 -20.041
  83 0.825 5043 -19.9842
  84 0.835 6718.4 -19.9982
  85 0.845 3685.6 -20.0958
  86 0.855 3670 -19.9105
  87 0.865 3677.1 -19.9573
  88 0.875 3641.3 -20.0156
  89 0.885 5141.3 -20.0005
  90 0.895 5745.3 -19.9906
  91 0.905 5644.4 -19.9745
  92 0.915 6122.6 -19.9428
  93 0.925 5152.8 -19.9449
  94 0.935 6614.2 -19.9847
  95 0.945 5065.3 -20.025
  96 0.955 6701.7 -20.014
  97 0.965 5121.5 -19.982
  98 0.975 6416.5 -19.9879
  99 0.985 3403.4 -19.9355
  100 0.995 3725.5 -19.9421
130 100 440002
  1 0.005 3721.6 19.9003
  2 0.015 3453.7 19.9305
  3 0.025 6416.1 19.9996
  4 0.035 5066 20.0553
  5 0.045 6718.3 20.0077
  6 0.055 5048.7 19.9564
  7 0.065 6655.2 20.0235
  8 0.075 5111.8 19.9924
  9 0.085 6289.2 20.0487
  10 0.095 5477.8 19.9341
  11 0.105 5855.8 20.0311
  12 0.115 5024.9 20.0112
  13 0.125 3646.3 19.9886
  14 0.135 3678 20.0658
  15 0.145 3672.2 20.0011
  16 0.155 3684.5 19.9468
  17 0.165 6717.3 20.0111
  18 0.175 5043 19.9967
  19 0.185 6724 20.0345
  20 0.195 5043 20.0486
  21 0.205 6721.4 19.9783
  22 0.215 5045.6 19.9571
  23 0.225 6596.5 19.9729
  24 0.235 5170.5 19.9966
  25 0.245 5997 19.995
  26 0.255 4304.6 19.9583
  27 0.265 3760.8 19.9927
  28 0.275 3683.8 19.9733
  29 0.285 3578.3 20.0211
  30 0.295 4283.8 19.5199
  31 0.305 6671.3 19.6365
  32 0.315 5043.3 19.5273
  33 0.325 6724.1 19.9015
  34 0.335 5043 19.9924
  35 0.345 6724.1 19.774
  36 0.355 5043.2 19.3411
  37 0.365 6722.9 19.7025
  38 0.375 5044.4 19.3955
  39 0.385 6164.4 19.5345
  40 0.395 3422.6 19.4578
  41 0.405 4958.2 19.427
  42 0.415 6064.9 20.1013
  43 0.425 210.1 31.5649
  44 0.435 0.3 6096.2
  45 0.445 0.2 13647.7
  46 0.455 0.2 13647.7
  47 0.465 0.2 13647.7
  48 0.475 0.2 13647.7
  49 0.485 0.1 13647.7
  50 0.495 0 0
  51 0.505 0 0
  52 0.515 0 0
  53 0.525 0 0
  54 0.535 0 0
  55 0.545 0 0
  56 0.555 0 0
  57 0.565 1 -368.915
  58 0.575 214.3 -29.7943
  59 0.585 6013.4 -20.1078
  60 0.595 4967.7 -19.5466
  61 0.605 3438.4 -19.9692
  62 0.615 6126.2 -20.0033
  63 0.625 5046.1 -20.0751
  64 0.635 6719.9 -19.9768
  65 0.645 5044 -19.9518
  66 0.655 6724 -19.9944
  67 0.665 5043 -19.9697
  68 0.675 6724 -20.0272
  69 0.685 5043 -19.9926
  70 0.695 6694 -20.0103
  71 0.705 4264.8 -19.4747
  72 0.715 3578.8 -19.7341
  73 0.725 3701.3 -20.0645
  74 0.735 3740.8 -19.5182
  75 0.745 4366.5 -19.5418
  76 0.755 5934.8 -20.0043
  77 0.765 5188.9 -19.963
  78 0.775 6578.1 -20.0452
  79 0.785 5053.8 -19.94
  80 0.795 6713.2 -19.9915
  81 0.805 5043 -19.9953
  82 0.815 6724 -20.0418
  83 0.825 5043 -19.9843
  84 0.835 6720.8 -19.9977
  85 0.845 3683.2 -20.1019
  86 0.855 3670 -19.9057
  87 0.865 3678.2 -19.9534
  88 0.875 3641.6 -20.0193
  89 0.885 5182.4 -20.0048
  90 0.895 5702.8 -19.9885
  91 0.905 5709.2 -19.97
  92 0.915 6057.8 -19.9463
  93 0.925 5169.7 -19.9426
  94 0.935 6597.3 -19.9872
  95 0.945 5068.4 -20.0234
  96 0.955 6698.6 -20.0159
  97 0.965 5122.4 -19.981
  98 0.975 6416.2 -19.9847
  99 0.985 3405.4 -19.9397
  100 0.995 3720.6 -19.9393
140 100 440002
  1 0.005 3723.7 19.9137
  2 0.015 3454.9 19.9265
  3 0.025 6412.8 19.9978
  4 0.035 5068.5 20.0561
  5 0.045 6715.6 20.0078
  6 0.055 5051.4 19.9539
  7 0.065 6635.3 20.0219
  8 0.075 5131.7 19.9952
  9 0.085 6242.7 20.0497
  10 0.095 5524.3 19.9346
  11 0.105 5816 20.0247
  12 0.115 5061.6 20.0151
  13 0.125 3649.4 19.9917
  14 0.135 3678 20.0639
  15 0.145 3672 20.0013
  16 0.155 3682.3 19.9496
  17 0.165 6719.7 20.0124
  18 0.175 5043 19.995
  19 0.185 6724 20.0338
  20 0.195 5043 20.0484
  21 0.205 6719.3 19.9776
  22 0.215 5047.7 19.9593
  23 0.225 6532 19.9737
  24 0.235 5235 19.9929
  25 0.245 5925.6 19.995
  26 0.255 4364.8 19.9645
  27 0.265 3769.6 19.4029
  28 0.275 3683.8 19.3716
  29 0.285 3580.1 18.3235
  30 0.295 4267 19.6771
  31 0.305 6689.6 19.5093
  32 0.315 5043.1 19.659
  33 0.325 6724.2 19.5516
  34 0.335 5043.2 19.3774
  35 0.345 6724 20.0059
  36 0.355 5043 19.9566
  37 0.365 6717.1 19.9306
  38 0.375 5049.9 20.0096
  39 0.385 6042.1 20.0408
  40 0.395 3525.8 19.9086
  41 0.405 4924.1 19.5684
  42 0.415 6105.9 20.221
  43 0.425 221.1 22.9447
  44 0.435 0.9 2320.46
  45 0.445 0.1 2320.46
  46 0.455 0 0
  47 0.465 0 0
  48 0.475 0 0
  49 0.485 0 0
  50 0.495 0.2 13647.7
  51 0.505 0.2 13647.7
  52 0.515 0.2 13647.7
  53 0.525 0.2 13647.7
  54 0.535 0.1 13647.7
  55 0.545 0.1 13647.7
  56 0.555 0 0
  57 0.565 1.9 -310.732
  58 0.575 223.1 -29.4439
  59 0.585 6047.8 -20.0931
  60 0.595 4937.5 -19.5467
  61 0.605 3567.4 -19.9531
  62 0.615 5983.3 -20.007
  63 0.625 5054.8 -20.0722
  64 0.635 6711.2 -19.9784
  65 0.645 5044 -19.9519
  66 0.655 6724 -19.9938
  67 0.665 5043 -19.9696
  68 0.675 6724 -20.0272
  69 0.685 5043 -19.9899
  70 0.695 6703.5 -20.0143
  71 0.705 4258.4 -20.0295
  72 0.715 3578.3 -19.6676
  73 0.725 3701.8 -19.4298
  74 0.735 3754.3 -20.0351
  75 0.745 4433.8 -19.9368
  76 0.755 5850.6 -19.5758
  77 0.765 5268.3 -19.7223
  78 0.775 6499 -20.0465
  79 0.785 5061.3 -19.941
  80 0.795 6705.7 -19.9909
  81 0.805 5043 -19.9948
  82 0.815 6724 -20.0424
  83 0.825 5043 -19.9844
  84 0.835 6723.4 -19.9979
  85 0.845 3680.6 -20.1061
  86 0.855 3670 -19.9015
  87 0.865 3679 -19.9507
  88 0.875 3643.9 -20.0278
  89 0.885 5216.3 -20.0028
  90 0.895 5665.8 -19.9882
  91 0.905 5778.8 -19.9695
  92 0.915 5988.2 -19.9461
  93 0.925 5193.4 -19.9424
  94 0.935 6573.6 -19.9883
  95 0.945 5070.1 -20.0221
  96 0.955 6696.9 -20.0172
  97 0.965 5124.8 -19.9794
  98 0.975 6414.2 -19.9821
  99 0.985 3406.1 -19.9451
  100 0.995 3717 -19.9323
150 100 440002
  1 0.005 3722.3 19.8978
  2 0.015 3454.6 19.9251
  3 0.025 6409.5 19.995
  4 0.035 5074.8 20.0583
  5 0.045 6712.4 20.0077
  6 0.055 5054.6 19.9519
  7 0.065 6611.9 20.0205
  8 0.075 5155.1 19.9977
  9 0.085 6184.1 20.0458
  10 0.095 5582.9 19.9405
  11 0.105 5779.6 20.0203
  12 0.115 5094.5 20.0167
  13 0.125 3652.9 19.9939
  14 0.135 3678 20.0619
  15 0.145 3672 20.0018
  16 0.155 3682 19.954
  17 0.165 6719.2 20.0129
  18 0.175 5043.8 19.9934
  19 0.185 6724 20.0332
  20 0.195 5043 20.0478
  21 0.205 6710.1 19.9772
  22 0.215 5057 19.6409
  23 0.225 6451.8 19.4697
  24 0.235 5315.8 19.2701
  25 0.245 5857.2 19.0653
  26 0.255 4420.1 18.9328
  27 0.265 3778.6 19.1246
  28 0.275 3687.3 19.6577
  29 0.285 3576.5 20.0042
  30 0.295 4256.2 20.0406
  31 0.305 6704.4 19.9756
  32 0.315 5043 19.9629
  33 0.325 6724 20.0122
  34 0.335 5043 19.9908
  35 0.345 6723.2 20.0072
  36 0.355 5043.8 19.958
  37 0.365 6706 19.9295
  38 0.375 5061.2 19.6721
  39 0.385 5908 19.6214
  40 0.395 3643.4 19.2115
  41 0.405 4890.3 19.392
  42 0.415 6142.2 20.1049
  43 0.425 233.9 45.3327
  44 0.435 1 3034.59
  45 0.445 0.9 2320.46
  46 0.455 0.1 2320.46
  47 0.465 0 0
  48 0.475 0 0
  49 0.485 0 0
  50 0.495 0 0
  51 0.505 0 0
  52 0.515 0 0
  53 0.525 0 0
  54 0.535 0 0
  55 0.545 0.1 13647.7
  56 0.555 0.2 13647.7
  57 0.565 2.2 961.155
  58 0.575 230.4 -16.7179
  59 0.585 6082.1 -19.9541
  60 0.595 4919.1 -18.9667
  61 0.605 3699.3 -19.8846
  62 0.615 5828.6 -20.0128
  63 0.625 5076.8 -20.0724
  64 0.635 6689.2 -19.9776
  65 0.645 5044.9 -19.9522
  66 0.655 6723.1 -19.9928
  67 0.665 5043 -19.9695
  68 0.675 6724 -20.0271
  69 0.685 5043 -19.9872
  70 0.695 6712.6 -20.0259
  71 0.705 4254.3 -20.05
  72 0.715 3577.8 -20.064
  73 0.725 3703.3 -20.0668
  74 0.735 3763.4 -19.4088
  75 0.745 4485.3 -19.6846
  76 0.755 5783.3 -20.0043
  77 0.765 5378.9 -19.7216
  78 0.775 6389 -19.662
  79 0.785 5077.1 -19.8593
  80 0.795 6690 -19.9914
  81 0.805 5043 -19.9944
  82 0.815 6724 -20.0428
  83 0.825 5043 -19.9847
  84 0.835 6724 -19.998
  85 0.845 3680 -20.1098
  86 0.855 3670 -19.898
  87 0.865 3679.4 -19.9466
  88 0.875 3645.8 -20.032
  89 0.885 5250.3 -20.0049
  90 0.895 5629.5 -19.9873
  91 0.905 5843.8 -19.9682
  92 0.915 5923.2 -19.9466
  93 0.925 5221.3 -19.9444
  94 0.935 6545.7 -19.9877
  95 0.945 5072.9 -20.0212
  96 0.955 6694.1 -20.0177
  97 0.965 5129.9 -19.9782
  98 0.975 6409.5 -19.9801
  99 0.985 3404.6 -19.9474
  100 0.995 3716.8 -19.9181
160 100 440002
  1 0.005 3722 19.9166
  2 0.015 3450.9 19.9203
  3 0.025 6411.1 19.9946
  4 0.035 5075.7 20.0587
  5 0.045 6707.3 20.0075
  6 0.055 5059.7 19.9504
  7 0.065 6593.7 20.0203
  8 0.075 5173.3 19.9987
  9 0.085 6130.7 20.0441
  10 0.095 5636.3 19.9437
  11 0.105 5739.7 20.0164
  12 0.115 5130.4 20.0177
  13 0.125 3656.9 19.9957
  14 0.135 3677.7 20.0601
  15 0.145 3672.3 20.0019
  16 0.155 3680.9 19.0833
  17 0.165 6719.4 19.7727
  18 0.175 5045.2 19.3522
  19 0.185 6721.6 19.5521
  20 0.195 5045.7 19.7276
  21 0.205 6699.8 19.1658
  22 0.215 5068 19.523
  23 0.225 6345.7 19.5104
  24 0.235 5421.7 19.9877
  25 0.245 5785.4 19.9987
  26 0.255 4469.6 19.9672
  27 0.265 3789.3 19.9774
  28 0.275 3694.2 20.0693
  29 0.285 3573.7 20.0303
  30 0.295 4252 20.0396
  31 0.305 6714.8 19.979
  32 0.315 5043 19.9601
  33 0.325 6724 20.0122
  34 0.335 5043.1 19.8141
  35 0.345 6722.4 19.6126
  36 0.355 5045.1 19.6074
  37 0.365 6673.2 19.5284
  38 0.375 5094.2 19.858
  39 0.385 5725.2 20.0485
  40 0.395 3802.8 19.9103
  41 0.405 4867.1 19.7364
  42 0.415 6179.7 20.113
  43 0.425 240.2 21.7713
  44 0.435 1.5 1446.51
  45 0.445 1.1 4125.75
  46 0.455 1.4 2984.96
  47 0.465 0 0
  48 0.475 0 0
  49 0.485 0 0
  50 0.495 0 0
  51 0.505 0 0
  52 0.515 0 0
  53 0.525 0 0
  54 0.535 0 0
  55 0.545 0 0
  56 0.555 0.2 -368.915
  57 0.565 1.8 -300.676
  58 0.575 235 -28.5518
  59 0.585 6117.1 -20.2249
  60 0.595 4899.7 -19.4918
  61 0.605 3837.4 -19.1791
  62 0.615 5670.2 -19.5285
  63 0.625 5133.5 -19.5352
  64 0.635 6632.8 -19.7703
  65 0.645 5048.2 -19.4296
  66 0.655 6720.1 -19.7703
  67 0.665 5043 -19.9694
  68 0.675 6724 -20.0269
  69 0.685 5043 -19.9847
  70 0.695 6722 -20.0286
  71 0.705 4249.7 -20.0849
  72 0.715 3579 -20.0251
  73 0.725 3710.2 -20.0641
  74 0.735 3769 -20.0409
  75 0.745 4527.9 -19.7754
  76 0.755 5722.1 -19.5903
  77 0.765 5520.7 -19.8791
  78 0.775 6246.4 -20.0539
  79 0.785 5107.4 -19.5348
  80 0.795 6660.6 -19.6821
  81 0.805 5043.9 -19.9943
  82 0.815 6723.1 -20.043
  83 0.825 5043.9 -19.9854
  84 0.835 6723.1 -19.9978
  85 0.845 3680 -20.1128
  86 0.855 3670 -19.8952
  87 0.865 3681.3 -19.9435
  88 0.875 3647.2 -20.0347
  89 0.885 5280.5 -20.0093
  90 0.895 5596 -19.9845
  91 0.905 5906.4 -19.9609
  92 0.915 5860.6 -19.9532
  93 0.925 5244.2 -19.9445
  94 0.935 6522.8 -19.9889
  95 0.945 5081 -20.0217
  96 0.955 6686 -20.0169
  97 0.965 5132.3 -19.9775
  98 0.975 6406.5 -19.9792
  99 0.985 3405.4 -19.9457
  100 0.995 3718.1 -19.9184
170 100 440002
  1 0.005 3722.9 19.9188
  2 0.015 3450 19.9177
  3 0.025 6411.8 19.994
  4 0.035 5075 20.0582
  5 0.045 6704 20.0079
  6 0.055 5063 19.9484
  7 0.065 6568.1 20.0212
  8 0.075 5198.9 19.9982
  9 0.085 6084.4 19.7778
  10 0.095 5682.9 19.3777
  11 0.105 5700.5 19.7295
  12 0.115 5165.4 19.3921
  13 0.125 3661.5 19.5582
  14 0.135 3677.2 19.1809
  15 0.145 3673.1 19.5622
  16 0.155 3679.6 19.9668
  17 0.165 6719.7 20.0127
  18 0.175 5046 19.5487
  19 0.185 6718.9 19.6999
  20 0.195 5048.7 19.6043
  21 0.205 6669.9 19.8689
  22 0.215 5097.2 19.9603
  23 0.225 6210.6 19.9787
  24 0.235 5556.4 19.9792
  25 0.245 5725.7 19.9984
  26 0.255 4510 19.9679
  27 0.265 3797.3 19.9772
  28 0.275 3700.7 19.969
  29 0.285 3576.6 20.1336
  30 0.295 4250.2 20.0388
  31 0.305 6718.7 19.7173
  32 0.315 5043.3 19.4296
  33 0.325 6724.1 19.6161
  34 0.335 5043.4 19.6371
  35 0.345 6714.6 20.0108
  36 0.355 5052.4 19.9595
  37 0.365 6569.7 19.9245
  38 0.375 5197.3 20.0316
  39 0.385 5559.4 20.0465
  40 0.395 3952.8 19.9172
  41 0.405 4833.2 19.7506
  42 0.415 6221.9 20.0945
  43 0.425 247.7 21.9912
  44 0.435 1 228.333
  45 0.445 0 0
  46 0.455 0.9 3904.06
  47 0.465 1.8 3195.1
  48 0.475 0.3 4646.22
  49 0.485 0 0
  50 0.495 0 0
  51 0.505 0 0
  52 0.515 0 0
  53 0.525 0 0
  54 0.535 0 0
  55 0.545 0 0
  56 0.555 1 -368.915
  57 0.565 1.1 -262.12
  58 0.575 246 -28.6092
  59 0.585 6150 -20.1583
  60 0.595 4875.2 -19.5635
  61 0.605 3965.1 -19.8971
  62 0.615 5522.6 -20.016
  63 0.625 5256.1 -20.0695
  64 0.635 6509.9 -19.9769
  65 0.645 5066.6 -19.9958
  66 0.655 6701.5 -19.7521
  67 0.665 5044.1 -19.4243
  68 0.675 6723.2 -19.822
  69 0.685 5043.2 -19.4372
  70 0.695 6723.2 -19.6226
  71 0.705 4252.9 -19.4399
  72 0.715 3578.6 -20.0231
  73 0.725 3716.2 -20.0646
  74 0.735 3781.3 -20.0408
  75 0.745 4571.1 -20.0407
  76 0.755 5656.1 -20.0026
  77 0.765 5682.6 -19.6028
  78 0.775 6085.4 -19.7326
  79 0.785 5160.6 -19.9414
  80 0.795 6606.5 -19.9293
  81 0.805 5049.1 -19.5064
  82 0.815 6718.8 -19.8591
  83 0.825 5044.9 -19.9857
  84 0.835 6722.1 -19.9981
  85 0.845 3682.4 -20.1155
  86 0.855 3667.6 -19.8923
  87 0.865 3682 -19.9391
  88 0.875 3652.4 -20.0372
  89 0.885 5311.9 -20.0137
  90 0.895 5558.7 -19.9824
  91 0.905 5972.3 -19.9572
  92 0.915 5794.7 -19.9564
  93 0.925 5276.9 -19.945
  94 0.935 6490.1 -19.9901
  95 0.945 5091 -20.0209
  96 0.955 6676 -20.0166
  97 0.965 5138.5 -19.9792
  98 0.975 6399.5 -19.9768
  99 0.985 3405.9 -19.9468
  100 0.995 3718.4 -19.9171
180 100 440002
  1 0.005 3720.6 19.9011
  2 0.015 3453.3 19.4512
  3 0.025 6409.5 19.7403
  4 0.035 5076.5 19.4215
  5 0.045 6702.4 19.7682
  6 0.055 5064.9 19.3081
  7 0.065 6546.1 19.7745
  8 0.075 5221.2 19.3807
  9 0.085 6031.3 20.0432
  10 0.095 5735.7 19.9468
  11 0.105 5667.1 20.0096
  12 0.115 5191.9 20.0163
  13 0.125 3668 20.0009
  14 0.135 3676.7 20.0565
  15 0.145 3673.6 19.3955
  16 0.155 3678.6 19.3683
  17 0.165 6720.1 19.5699
  18 0.175 5047 19.9894
  19 0.185 6711.7 20.0311
  20 0.195 5055.3 20.0449
  21 0.205 6624.5 19.9796
  22 0.215 5142.5 19.9637
  23 0.225 6069.2 19.9834
  24 0.235 5697.8 19.9719
  25 0.245 5658.6 20.0051
  26 0.255 4552.6 19.9631
  27 0.265 3805.3 19.7423
  28 0.275 3712.5 19.2544
  29 0.285 3576.6 19.3896
  30 0.295 4253.6 19.413
  31 0.305 6720.8 19.9845
  32 0.315 5043 19.9552
  33 0.325 6722.6 20.0117
  34 0.335 5044.4 19.9882
  35 0.345 6691.4 20.0115
  36 0.355 5075.6 19.9615
  37 0.365 6394.1 19.9238
  38 0.375 5372.9 20.0273
  39 0.385 5408.5 20.0425
  40 0.395 4085.8 19.9228
  41 0.405 4797.5 19.7263
  42 0.415 6268.1 20.1296
  43 0.425 255.1 21.5824
  44 0.435 1 228.333
  45 0.445 0 0
  46 0.455 0 0
  47 0.465 0.4 3692.02
  48 0.475 1.8 3036.06
  49 0.485 0.5 4646.22
  50 0.495 0.3 4646.22
  51 0.505 0 0
  52 0.515 0 0
  53 0.525 0 0
  54 0.535 0 0
  55 0.545 0 0
  56 0.555 1 -368.915
  57 0.565 2 -334.28
  58 0.575 257.3 -27.6167
  59 0.585 6186.8 -20.0913
  60 0.595 4838.5 -19.6123
  61 0.605 4078.4 -19.8938
  62 0.615 5397 -20.0263
  63 0.625 5469 -20.061
  64 0.635 6297 -19.9811
  65 0.645 5098.7 -19.9904
  66 0.655 6669.3 -19.9595
  67 0.665 5047 -19.9694
  68 0.675 6720 -20.0259
  69 0.685 5044.6 -19.9797
  70 0.695 6721.4 -20.0347
  71 0.705 4257.9 -20.0864
  72 0.715 3581.2 -19.2345
  73 0.725 3722.9 -19.6993
  74 0.735 3791.6 -19.3204
  75 0.745 4599.6 -19.4598
  76 0.755 5603.7 -19.5155
  77 0.765 5841.1 -19.715
  78 0.775 5926.1 -19.9922
  79 0.785 5238.4 -19.4227
  80 0.795 6529.5 -19.8698
  81 0.805 5055.5 -19.9955
  82 0.815 6711.8 -19.8579
  83 0.825 5045.6 -19.4995
  84 0.835 6722.1 -19.9377
  85 0.845 3683.4 -20.1165
  86 0.855 3666.6 -19.8911
  87 0.865 3682.9 -19.9344
  88 0.875 3660.4 -20.0407
  89 0.885 5337.5 -20.0148
  90 0.895 5524.2 -19.9826
  91 0.905 6043.4 -19.9596
  92 0.915 5723.6 -19.9533
  93 0.925 5311.6 -19.9449
  94 0.935 6455.4 -19.9919
  95 0.945 5102.8 -20.0205
  96 0.955 6664.2 -20.0156
  97 0.965 5143.6 -19.9813
  98 0.975 6394.4 -19.9728
  99 0.985 3406.2 -19.9529
  100 0.995 3718.3 -19.9017
190 100 440002
  1 0.005 3719.9 19.4846
  2 0.015 3454.2 19.4533
  3 0.025 6405.5 19.9903
  4 0.035 5080.9 20.058
  5 0.045 6700.1 20.01
  6 0.055 5066.9 19.944
  7 0.065 6509.5 20.0177
  8 0.075 5257.5 20.0043
  9 0.085 5977 20.0414
  10 0.095 5790 19.9495
  11 0.105 5634.9 20.0096
  12 0.115 5216.3 19.588
  13 0.125 3676.4 19.4019
  14 0.135 3676.4 19.2527
  15 0.145 3674 19.9919
  16 0.155 3678 19.9816
  17 0.165 6716.6 20.0116
  18 0.175 5050.4 19.9887
  19 0.185 6700.7 20.0301
  20 0.195 5066.3 20.0438
  21 0.205 6555.5 19.9767
  22 0.215 5211.5 19.97
  23 0.225 5912.4 19.9853
  24 0.235 5854.9 19.516
  25 0.245 5601 19.5353
  26 0.255 4590.2 19.3906
  27 0.265 3808.7 19.7307
  28 0.275 3718.1 19.9679
  29 0.285 3583.6 20.1314
  30 0.295 4255.7 20.0352
  31 0.305 6721.6 19.9869
  32 0.315 5043.8 19.954
  33 0.325 6716.8 20.0117
  34 0.335 5050.2 19.9868
  35 0.345 6641.5 20.0113
  36 0.355 5125.5 19.9646
  37 0.365 6120.9 19.9208
  38 0.375 5646.1 20.0241
  39 0.385 5282.1 20.042
  40 0.395 4198 19.9321
  41 0.405 4765 19.7496
  42 0.415 6304.4 20.1032
  43 0.425 265.5 21.5444
  44 0.435 1 228.333
  45 0.445 0 0
  46 0.455 0 0
  47 0.465 0 0
  48 0.475 0.1 2320.46
  49 0.485 1.6 2920.51
  50 0.495 0.6 4169.12
  51 0.505 0.5 4646.22
  52 0.515 0.2 4646.22
  53 0.525 0 0
  54 0.535 0 0
  55 0.545 0 0
  56 0.555 1 -368.915
  57 0.565 2.2 -320.973
  58 0.575 267.7 -28.0811
  59 0.585 6219.8 -20.0417
  60 0.595 4813.8 -19.6328
  61 0.605 4158.2 -19.8864
  62 0.615 5298.3 -20.0408
  63 0.625 5779.9 -20.0507
  64 0.635 5986.1 -19.9868
  65 0.645 5171.7 -19.9899
  66 0.655 6596.3 -19.9577
  67 0.665 5057.7 -19.9692
  68 0.675 6709.3 -20.0255
  69 0.685 5047 -19.9786
  70 0.695 6719 -20.0369
  71 0.705 4263 -20.0847
  72 0.715 3584.8 -19.9949
  73 0.725 3728.2 -20.0639
  74 0.735 3815.6 -20.0351
  75 0.745 4612 -20.053
  76 0.755 5552.4 -20.0018
  77 0.765 6012.5 -19.7291
  78 0.775 5754.7 -19.8162
  79 0.785 5326.9 -19.4382
  80 0.795 6440.9 -19.3239
  81 0.805 5071.7 -18.9948
  82 0.815 6696.3 -19.6354
  83 0.825 5047.5 -19.9863
  84 0.835 6720 -19.6948
  85 0.845 3685.2 -19.5598
  86 0.855 3665.3 -19.8905
  87 0.865 3684.3 -19.9297
  88 0.875 3664.4 -20.0432
  89 0.885 5366.3 -20.0162
  90 0.895 5490 -19.983
  91 0.905 6104.7 -19.9581
  92 0.915 5662.3 -19.9543
  93 0.925 5347.2 -19.947
  94 0.935 6419.8 -19.9921
  95 0.945 5111.4 -20.0183
  96 0.955 6655.8 -20.5293
  97 0.965 5149 -20.2949
  98 0.975 6389.4 -20.4747
  99 0.985 3409.3 -20.4331
  100 0.995 3714.6 -20.779
200 100 440002
  1 0.005 3719.9 19.9286
  2 0.015 3453.5 19.9184
  3 0.025 6404.6 19.9896
  4 0.035 5083.4 20.0576
  5 0.045 6695.9 20.011
  6 0.055 5071.1 19.9424
  7 0.065 6482 20.0175
  8 0.075 5285 20.0052
  9 0.085 5920 19.6675
  10 0.095 5847.6 19.5753
  11 0.105 5599.5 19.484
  12 0.115 5247 20.0078
  13 0.125 3680.8 20.0037
  14 0.135 3676.1 20.0517
  15 0.145 3674 19.9922
  16 0.155 3678 19.9891
  17 0.165 6713.4 20.0118
  18 0.175 5053.6 19.9873
  19 0.185 6686.2 20.0293
  20 0.195 5081 19.694
  21 0.205 6463.7 19.5653
  22 0.215 5303.8 19.6411
  23 0.225 5754.7 19.526
  24 0.235 6012.6 19.9661
  25 0.245 5545 20.0108
  26 0.255 4618.8 19.9686
  27 0.265 3814.3 19.9574
  28 0.275 3725.3 19.9637
  29 0.285 3594.9 20.1348
  30 0.295 4256.8 20.0341
  31 0.305 6721.1 19.9892
  32 0.315 5045.8 19.9525
  33 0.325 6705.1 20.0123
  34 0.335 5061.9 19.9845
  35 0.345 6520.9 20.0074
  36 0.355 5246.1 19.9727
  37 0.365 5779.2 19.9231
  38 0.375 5987.8 20.0149
  39 0.385 5202 20.0328
  40 0.395 4264.3 19.9444
  41 0.405 4730.7 19.7795
  42 0.415 6335.5 20.0799
  43 0.425 282.5 21.4147
  44 0.435 1 228.333
  45 0.445 0 0
  46 0.455 0 0
  47 0.465 0 0
  48 0.475 0 0
  49 0.485 0.2 2320.46
  50 0.495 1.2 2777.64
  51 0.505 0.6 3692.02
  52 0.515 0.3 4646.22
  53 0.525 0.5 4646.22
  54 0.535 0.2 4646.22
  55 0.545 0 0
  56 0.555 1 -368.915
  57 0.565 3 -285.486
  58 0.575 274.4 -27.2662
  59 0.585 6250.4 -20.0472
  60 0.595 4792.4 -19.6464
  61 0.605 4234.7 -19.8887
  62 0.615 5205.1 -20.0474
  63 0.625 6127 -20.041
  64 0.635 5639 -19.9936
  65 0.645 5317.9 -19.9954
  66 0.655 6450.1 -19.9504
  67 0.665 5077.9 -19.9687
  68 0.675 6689.1 -20.0252
  69 0.685 5052.8 -19.9782
  70 0.695 6713.2 -20.0385
  71 0.705 4266.5 -20.0829
  72 0.715 3597.1 -19.9981
  73 0.725 3726.3 -20.0595
  74 0.735 3839 -20.0362
  75 0.745 4632 -20.0527
  76 0.755 5495.1 -20.004
  77 0.765 6169.2 -19.9604
  78 0.775 5597.8 -20.0476
  79 0.785 5446.4 -19.9515
  80 0.795 6320.6 -19.9887
  81 0.805 5094.2 -19.9954
  82 0.815 6673.5 -19.6352
  83 0.825 5052.4 -19.2076
  84 0.835 6715.2 -19.8087
  85 0.845 3685.7 -19.3199
  86 0.855 3666.8 -18.6176
  87 0.865 3686.2 -18.7696
  88 0.875 3668.6 -20.2772
  89 0.885 5395.7 -20.415
  90 0.895 5454 -20.3768
  91 0.905 6161 -20.6507
  92 0.915 5606.3 -20.3402
  93 0.925 5388.9 -20.3478
  94 0.935 6378.3 -20.3281
  95 0.945 5122.7 -20.4363
  96 0.955 6644.4 -19.7969
  97 0.965 5157.5 -19.9839
  98 0.975 6381.5 -19.9669
  99 0.985 3407.8 -19.9705
  100 0.995 3713.8 -19.9047
